{"10": [{"sample_id": 0, "A_matrix": [[16.971869596893217, -2.299848434770994, -2.15391724683398, -4.098411221330261, -9.136156473895523, -3.240268847533323, -2.5198506655921418, -2.0743199123869136, -0.6809197898019107, -5.728406823437887], [-2.299848434770994, 5.561487981588235, -2.279355735759623, 4.481837472070696, -2.6441457005665727, 0.9942628064719613, 1.8501297823121754, -2.3866856092631514, 0.5122035311105619, 0.10298416291397071], [-2.15391724683398, -2.279355735759623, 12.305143984982772, -2.643581061926824, 2.249041493372464, 2.862257721867126, -5.4033889025453385, 0.45872359618353103, -0.2930655247512005, -0.7672562357485486], [-4.098411221330261, 4.481837472070696, -2.643581061926824, 7.22385347083834, 1.0022632401436171, 1.0999217210141363, 0.49997891061205096, -3.7587507517870082, 1.2246919621053152, 0.6447908513886006], [-9.136156473895523, -2.6441457005665727, 2.249041493372464, 1.0022632401436171, 17.996308635725605, 2.782213110573616, -1.2826519349496757, 5.533725204108857, -5.124073669261908, 1.0563358319253056], [-3.240268847533323, 0.9942628064719613, 2.862257721867126, 1.0999217210141363, 2.782213110573616, 9.99526250009304, 2.6469662316107767, 4.3709289701347585, 0.42889141445545514, 1.308638908739773], [-2.5198506655921418, 1.8501297823121754, -5.4033889025453385, 0.49997891061205096, -1.2826519349496757, 2.6469662316107767, 14.414516659536915, 3.8619062472182657, 2.006802256200666, -1.9484443123824289], [-2.0743199123869136, -2.3866856092631514, 0.45872359618353103, -3.7587507517870082, 5.533725204108857, 4.3709289701347585, 3.8619062472182657, 9.895529639641811, 2.149849687587762, -0.3184966319444498], [-0.6809197898019107, 0.5122035311105619, -0.2930655247512005, 1.2246919621053152, -5.124073669261908, 0.42889141445545514, 2.006802256200666, 2.149849687587762, 10.60310730823738, -0.12509134204425842], [-5.728406823437887, 0.10298416291397071, -0.7672562357485486, 0.6447908513886006, 1.0563358319253056, 1.308638908739773, -1.9484443123824289, -0.3184966319444498, -0.12509134204425842, 6.682807224679886]], "init_point_exps": [{"y_opt": 17.79748334251916, "by_epsilon": true, "time": 4.012024402618408, "iterations": 71, "accuracy": 0.009665878840378506, "y_init": 0.4227897255851967, "batch_size": null}, {"y_opt": 17.792004798490044, "by_epsilon": true, "time": 4.016397953033447, "iterations": 71, "accuracy": 0.009966181620751247, "y_init": 0.22036723895761545, "batch_size": null}, {"y_opt": 17.792312974795834, "by_epsilon": true, "time": 3.9617128372192383, "iterations": 70, "accuracy": 0.009949285361050109, "y_init": 0.7476820243409333, "batch_size": null}, {"y_opt": 17.796946778657965, "by_epsilon": true, "time": 4.010670185089111, "iterations": 71, "accuracy": 0.00969528394771313, "y_init": 0.3777350027147063, "batch_size": null}, {"y_opt": 17.793926634636566, "by_epsilon": true, "time": 3.971339702606201, "iterations": 70, "accuracy": 0.00986082123032439, "y_init": 0.8336196692926502, "batch_size": null}, {"y_opt": 17.800310217218332, "by_epsilon": true, "time": 3.833289861679077, "iterations": 68, "accuracy": 0.009510981225894, "y_init": 0.08799092632637617, "batch_size": null}, {"y_opt": 17.799025573014706, "by_epsilon": true, "time": 3.880772352218628, "iterations": 68, "accuracy": 0.009581368162129289, "y_init": 0.0015539777205773042, "batch_size": null}, {"y_opt": 17.799674106263257, "by_epsilon": true, "time": 4.062752723693848, "iterations": 72, "accuracy": 0.009545833401472414, "y_init": 0.1466726492887922, "batch_size": null}, {"y_opt": 17.795764818319135, "by_epsilon": true, "time": 3.9595582485198975, "iterations": 70, "accuracy": 0.009760063290557675, "y_init": 0.9267835904337182, "batch_size": null}, {"y_opt": 17.7978346979212, "by_epsilon": true, "time": 4.0058815479278564, "iterations": 71, "accuracy": 0.009646624382034785, "y_init": 0.45001170066164853, "batch_size": null}, {"y_opt": 17.800397029996613, "by_epsilon": true, "time": 4.012661457061768, "iterations": 71, "accuracy": 0.009506224949387132, "y_init": 0.6327940887002454, "batch_size": null}, {"y_opt": 17.801213454094363, "by_epsilon": true, "time": 3.9505910873413086, "iterations": 70, "accuracy": 0.00946149666003171, "y_init": 0.5961944325737509, "batch_size": null}, {"y_opt": 17.793493445827973, "by_epsilon": true, "time": 3.966681957244873, "iterations": 70, "accuracy": 0.009884568313459186, "y_init": 0.8107527322305567, "batch_size": null}, {"y_opt": 17.794171113002584, "by_epsilon": true, "time": 3.9708893299102783, "iterations": 70, "accuracy": 0.009847419503937527, "y_init": 0.847040544905422, "batch_size": null}, {"y_opt": 17.794657680911442, "by_epsilon": true, "time": 4.0184547901153564, "iterations": 71, "accuracy": 0.009820747844297983, "y_init": 0.2913661165306083, "batch_size": null}, {"y_opt": 17.796012375667843, "by_epsilon": true, "time": 3.9594123363494873, "iterations": 70, "accuracy": 0.00974649494141211, "y_init": 0.93825375064153, "batch_size": null}, {"y_opt": 17.79694586435329, "by_epsilon": true, "time": 4.00990629196167, "iterations": 71, "accuracy": 0.009695334055171756, "y_init": 0.3765652652304202, "batch_size": null}, {"y_opt": 17.799001123972012, "by_epsilon": true, "time": 3.9626595973968506, "iterations": 70, "accuracy": 0.00958270782539472, "y_init": 0.3027591949853379, "batch_size": null}, {"y_opt": 17.800870915756242, "by_epsilon": true, "time": 4.035089492797852, "iterations": 71, "accuracy": 0.009480262446020404, "y_init": 0.13236942080644665, "batch_size": null}, {"y_opt": 17.79665325805432, "by_epsilon": true, "time": 4.006163835525513, "iterations": 71, "accuracy": 0.0097113702244509, "y_init": 0.3503731855421629, "batch_size": null}, {"y_opt": 17.800197304694077, "by_epsilon": true, "time": 3.837158679962158, "iterations": 68, "accuracy": 0.00951716750210907, "y_init": 0.08890485545534388, "batch_size": null}, {"y_opt": 17.799127950938527, "by_epsilon": true, "time": 4.011141777038574, "iterations": 71, "accuracy": 0.009575758486813246, "y_init": 0.5476373600793198, "batch_size": null}, {"y_opt": 17.793928136933445, "by_epsilon": true, "time": 3.9497666358947754, "iterations": 70, "accuracy": 0.009860738877093711, "y_init": 0.8345899243514696, "batch_size": null}, {"y_opt": 17.798365955386572, "by_epsilon": true, "time": 3.8535187244415283, "iterations": 68, "accuracy": 0.009617512308681686, "y_init": 0.10504709950745394, "batch_size": null}, {"y_opt": 17.792231627166235, "by_epsilon": true, "time": 3.9042742252349854, "iterations": 69, "accuracy": 0.009953745331404473, "y_init": 0.7129346225435796, "batch_size": null}, {"y_opt": 17.79863640521783, "by_epsilon": true, "time": 4.008347034454346, "iterations": 71, "accuracy": 0.009602692597291629, "y_init": 0.5127730184361798, "batch_size": null}, {"y_opt": 17.793789400304995, "by_epsilon": true, "time": 4.000427484512329, "iterations": 71, "accuracy": 0.009868344216357627, "y_init": 0.2684817207856014, "batch_size": null}, {"y_opt": 17.79357432845575, "by_epsilon": true, "time": 3.893345832824707, "iterations": 69, "accuracy": 0.009880134321349265, "y_init": 0.8580674859633772, "batch_size": null}, {"y_opt": 17.800523570983884, "by_epsilon": true, "time": 4.019254922866821, "iterations": 71, "accuracy": 0.009499292117801872, "y_init": 0.6426762698995513, "batch_size": null}, {"y_opt": 17.799103982715227, "by_epsilon": true, "time": 3.854532241821289, "iterations": 68, "accuracy": 0.009577071792355119, "y_init": 0.008272799221992644, "batch_size": null}, {"y_opt": 17.797877253450157, "by_epsilon": true, "time": 4.01352071762085, "iterations": 71, "accuracy": 0.009644292356700168, "y_init": 0.45483557411750786, "batch_size": null}, {"y_opt": 17.793145671363128, "by_epsilon": true, "time": 3.9214534759521484, "iterations": 69, "accuracy": 0.009903633690926616, "y_init": 0.8127505036672866, "batch_size": null}, {"y_opt": 17.7917319845449, "by_epsilon": true, "time": 3.9826390743255615, "iterations": 70, "accuracy": 0.009981139458339339, "y_init": 0.7146173604730988, "batch_size": null}, {"y_opt": 17.791718664268245, "by_epsilon": true, "time": 3.9732766151428223, "iterations": 70, "accuracy": 0.009981869791243714, "y_init": 0.713789734839276, "batch_size": null}, {"y_opt": 17.79560713732432, "by_epsilon": true, "time": 3.965118169784546, "iterations": 70, "accuracy": 0.009768705765952568, "y_init": 0.9188723817294293, "batch_size": null}, {"y_opt": 17.798784430671265, "by_epsilon": true, "time": 4.008497476577759, "iterations": 71, "accuracy": 0.009594581463398866, "y_init": 0.5230346437864833, "batch_size": null}, {"y_opt": 17.799439956953165, "by_epsilon": true, "time": 3.8545620441436768, "iterations": 68, "accuracy": 0.009558662798556439, "y_init": 0.027106530833146847, "batch_size": null}, {"y_opt": 17.79560700993626, "by_epsilon": true, "time": 3.957716703414917, "iterations": 70, "accuracy": 0.00976871274812341, "y_init": 0.9187929247087332, "batch_size": null}, {"y_opt": 17.792608786784456, "by_epsilon": true, "time": 3.8951172828674316, "iterations": 69, "accuracy": 0.009933067418627761, "y_init": 0.7545692017553263, "batch_size": null}, {"y_opt": 17.792004563575627, "by_epsilon": true, "time": 4.027488708496094, "iterations": 71, "accuracy": 0.00996619450048164, "y_init": 0.21980734231180754, "batch_size": null}, {"y_opt": 17.800634439886863, "by_epsilon": true, "time": 3.964001178741455, "iterations": 70, "accuracy": 0.009493217978846502, "y_init": 0.5234059222821927, "batch_size": null}, {"y_opt": 17.79200423668069, "by_epsilon": true, "time": 3.9645192623138428, "iterations": 70, "accuracy": 0.0099662124232609, "y_init": 0.7307094202440396, "batch_size": null}, {"y_opt": 17.79486699694013, "by_epsilon": true, "time": 3.9653332233428955, "iterations": 70, "accuracy": 0.009809274342419627, "y_init": 0.8822384031196495, "batch_size": null}, {"y_opt": 17.79920318283119, "by_epsilon": true, "time": 4.012049674987793, "iterations": 71, "accuracy": 0.009571636277320161, "y_init": 0.5525854755326066, "batch_size": null}, {"y_opt": 17.799248353651258, "by_epsilon": true, "time": 4.018588066101074, "iterations": 71, "accuracy": 0.009569161228415446, "y_init": 0.5569450373018824, "batch_size": null}, {"y_opt": 17.801150951037688, "by_epsilon": true, "time": 3.9483554363250732, "iterations": 70, "accuracy": 0.009464920816247613, "y_init": 0.5887093870644563, "batch_size": null}, {"y_opt": 17.79866337282414, "by_epsilon": true, "time": 3.8545169830322266, "iterations": 68, "accuracy": 0.00960121488514365, "y_init": 0.10224261261197076, "batch_size": null}, {"y_opt": 17.796974623512288, "by_epsilon": true, "time": 4.01340913772583, "iterations": 71, "accuracy": 0.009693757943061598, "y_init": 0.37939590642315213, "batch_size": null}, {"y_opt": 17.794185724437067, "by_epsilon": true, "time": 3.913228988647461, "iterations": 69, "accuracy": 0.009846618548599029, "y_init": 0.921652916732118, "batch_size": null}, {"y_opt": 17.79728646135612, "by_epsilon": true, "time": 4.0291595458984375, "iterations": 71, "accuracy": 0.009676668286124901, "y_init": 0.4069527259688752, "batch_size": null}, {"y_opt": 17.7964583295715, "by_epsilon": true, "time": 3.9798636436462402, "iterations": 70, "accuracy": 0.009722053426010957, "y_init": 0.9596309710368292, "batch_size": null}, {"y_opt": 17.797929297677832, "by_epsilon": true, "time": 3.965045690536499, "iterations": 70, "accuracy": 0.009641440366280118, "y_init": 0.14321373260417514, "batch_size": null}, {"y_opt": 17.792041001550075, "by_epsilon": true, "time": 3.9859535694122314, "iterations": 70, "accuracy": 0.009964196706626849, "y_init": 0.7329696296591139, "batch_size": null}, {"y_opt": 17.799316732259104, "by_epsilon": true, "time": 3.8759994506835938, "iterations": 68, "accuracy": 0.00956541457145832, "y_init": 0.02005278919364173, "batch_size": null}, {"y_opt": 17.793891140796703, "by_epsilon": true, "time": 3.984896659851074, "iterations": 70, "accuracy": 0.00986276694232946, "y_init": 0.8329586963375362, "batch_size": null}, {"y_opt": 17.792275353299093, "by_epsilon": true, "time": 3.980929374694824, "iterations": 70, "accuracy": 0.009951347995740045, "y_init": 0.7449706655584913, "batch_size": null}, {"y_opt": 17.792138888321986, "by_epsilon": true, "time": 4.048241853713989, "iterations": 71, "accuracy": 0.00995882987551755, "y_init": 0.22378262898125723, "batch_size": null}, {"y_opt": 17.80084977236569, "by_epsilon": true, "time": 4.040317058563232, "iterations": 71, "accuracy": 0.009481420793972628, "y_init": 0.6614362356908886, "batch_size": null}, {"y_opt": 17.797734857837092, "by_epsilon": true, "time": 4.049996614456177, "iterations": 71, "accuracy": 0.009652095610925615, "y_init": 0.4433880892925538, "batch_size": null}, {"y_opt": 17.791683366395837, "by_epsilon": true, "time": 4.06024432182312, "iterations": 71, "accuracy": 0.009983805130322043, "y_init": 0.2104021630965921, "batch_size": null}, {"y_opt": 17.79301363132131, "by_epsilon": true, "time": 3.9842865467071533, "iterations": 70, "accuracy": 0.00991087242104638, "y_init": 0.7857745790626427, "batch_size": null}, {"y_opt": 17.796672660104978, "by_epsilon": true, "time": 4.042972564697266, "iterations": 71, "accuracy": 0.009710306890386544, "y_init": 0.37305959528900146, "batch_size": null}, {"y_opt": 17.79263690660224, "by_epsilon": true, "time": 3.983565092086792, "iterations": 70, "accuracy": 0.009931525766456062, "y_init": 0.7652935739861371, "batch_size": null}, {"y_opt": 17.800475908368686, "by_epsilon": true, "time": 4.034959316253662, "iterations": 71, "accuracy": 0.009501903412086454, "y_init": 0.6380160204808615, "batch_size": null}, {"y_opt": 17.796562826138356, "by_epsilon": true, "time": 3.997509002685547, "iterations": 70, "accuracy": 0.00971632639096498, "y_init": 0.9767643643239575, "batch_size": null}, {"y_opt": 17.799420362232976, "by_epsilon": true, "time": 3.861189365386963, "iterations": 68, "accuracy": 0.009559736434881394, "y_init": 0.025796736254987462, "batch_size": null}, {"y_opt": 17.79335413087971, "by_epsilon": true, "time": 3.9630963802337646, "iterations": 70, "accuracy": 0.009892205642795915, "y_init": 0.8032691941591423, "batch_size": null}, {"y_opt": 17.79154899650156, "by_epsilon": true, "time": 3.96709942817688, "iterations": 70, "accuracy": 0.009991172521003566, "y_init": 0.7050461683182925, "batch_size": null}, {"y_opt": 17.79745293965608, "by_epsilon": true, "time": 4.049728631973267, "iterations": 71, "accuracy": 0.0096675449605641, "y_init": 0.41942106139728064, "batch_size": null}, {"y_opt": 17.793648520949674, "by_epsilon": true, "time": 4.025572776794434, "iterations": 70, "accuracy": 0.009876067110196063, "y_init": 0.8200582991241255, "batch_size": null}, {"y_opt": 17.79989163201583, "by_epsilon": true, "time": 3.9101037979125977, "iterations": 68, "accuracy": 0.009533915067236887, "y_init": 0.05664579251008173, "batch_size": null}, {"y_opt": 17.796562982128574, "by_epsilon": true, "time": 4.096085071563721, "iterations": 70, "accuracy": 0.009716317841808042, "y_init": 0.9768590805834848, "batch_size": null}, {"y_opt": 17.799988767729477, "by_epsilon": true, "time": 4.030693054199219, "iterations": 70, "accuracy": 0.009528593030043275, "y_init": 0.438792106120968, "batch_size": null}, {"y_opt": 17.794043280478785, "by_epsilon": true, "time": 3.9450504779815674, "iterations": 69, "accuracy": 0.00985442694549854, "y_init": 0.9068157529446089, "batch_size": null}, {"y_opt": 17.793313039947314, "by_epsilon": true, "time": 3.957585096359253, "iterations": 69, "accuracy": 0.00989445829002844, "y_init": 0.8304605615918331, "batch_size": null}, {"y_opt": 17.80056719128664, "by_epsilon": true, "time": 4.119681358337402, "iterations": 72, "accuracy": 0.009496902299344523, "y_init": 0.1784079377961102, "batch_size": null}, {"y_opt": 17.799746142856087, "by_epsilon": true, "time": 3.858520746231079, "iterations": 68, "accuracy": 0.009541886459178972, "y_init": 0.04726993568922744, "batch_size": null}, {"y_opt": 17.7983202877973, "by_epsilon": true, "time": 3.971468925476074, "iterations": 70, "accuracy": 0.009620014768171536, "y_init": 0.20314315985875808, "batch_size": null}, {"y_opt": 17.792160436716767, "by_epsilon": true, "time": 3.9021482467651367, "iterations": 69, "accuracy": 0.009957648449307133, "y_init": 0.7047813431759964, "batch_size": null}, {"y_opt": 17.796524868488177, "by_epsilon": true, "time": 3.965965747833252, "iterations": 70, "accuracy": 0.009718406690572667, "y_init": 0.9701945215518127, "batch_size": null}, {"y_opt": 17.801357023329427, "by_epsilon": true, "time": 4.022008895874023, "iterations": 71, "accuracy": 0.009453631458975043, "y_init": 0.6948086451597923, "batch_size": null}, {"y_opt": 17.7989779366839, "by_epsilon": true, "time": 4.021732568740845, "iterations": 71, "accuracy": 0.009583978354570588, "y_init": 0.5375449230257593, "batch_size": null}, {"y_opt": 17.79905364593277, "by_epsilon": true, "time": 4.016167640686035, "iterations": 71, "accuracy": 0.009579829935373985, "y_init": 0.5433159523845691, "batch_size": null}, {"y_opt": 17.79387512279268, "by_epsilon": true, "time": 3.9661073684692383, "iterations": 70, "accuracy": 0.009863645024053458, "y_init": 0.8308137178087377, "batch_size": null}, {"y_opt": 17.797414239377627, "by_epsilon": true, "time": 4.034538269042969, "iterations": 71, "accuracy": 0.009669665797262361, "y_init": 0.4175811317181911, "batch_size": null}, {"y_opt": 17.799368172530023, "by_epsilon": true, "time": 3.864417314529419, "iterations": 68, "accuracy": 0.00956259602840337, "y_init": 0.025384473047892042, "batch_size": null}, {"y_opt": 17.796681402768684, "by_epsilon": true, "time": 4.039851427078247, "iterations": 71, "accuracy": 0.009709827747176991, "y_init": 0.35344423316080775, "batch_size": null}, {"y_opt": 17.794622106817588, "by_epsilon": true, "time": 4.0457680225372314, "iterations": 71, "accuracy": 0.009822697832355676, "y_init": 0.2900556765100599, "batch_size": null}, {"y_opt": 17.801147768416538, "by_epsilon": true, "time": 4.0386364459991455, "iterations": 71, "accuracy": 0.009465095172886517, "y_init": 0.6802565732599941, "batch_size": null}, {"y_opt": 17.794134049725763, "by_epsilon": true, "time": 3.9582393169403076, "iterations": 70, "accuracy": 0.009849451206970894, "y_init": 0.8454480590714027, "batch_size": null}, {"y_opt": 17.799910183596893, "by_epsilon": true, "time": 3.842635154724121, "iterations": 68, "accuracy": 0.009532898628110242, "y_init": 0.058074195068449574, "batch_size": null}, {"y_opt": 17.799950307351267, "by_epsilon": true, "time": 4.017672777175903, "iterations": 71, "accuracy": 0.009530700257510683, "y_init": 0.6041758131055444, "batch_size": null}, {"y_opt": 17.798035532961446, "by_epsilon": true, "time": 3.9713168144226074, "iterations": 70, "accuracy": 0.009635618780484023, "y_init": 0.159392474813021, "batch_size": null}, {"y_opt": 17.79700312099422, "by_epsilon": true, "time": 4.023316860198975, "iterations": 71, "accuracy": 0.009692196175726364, "y_init": 0.38180294955772487, "batch_size": null}, {"y_opt": 17.792651235623325, "by_epsilon": true, "time": 3.951669692993164, "iterations": 70, "accuracy": 0.009930740187897413, "y_init": 0.7665968165038141, "batch_size": null}, {"y_opt": 17.791499450756074, "by_epsilon": true, "time": 3.960221767425537, "iterations": 70, "accuracy": 0.00999388909505683, "y_init": 0.7020225770905067, "batch_size": null}, {"y_opt": 17.801322362817725, "by_epsilon": true, "time": 4.028861045837402, "iterations": 71, "accuracy": 0.009455530268348111, "y_init": 0.6922485174161515, "batch_size": null}, {"y_opt": 17.79959599984827, "by_epsilon": true, "time": 4.037700891494751, "iterations": 71, "accuracy": 0.009550112941946853, "y_init": 0.5795901549223291, "batch_size": null}, {"y_opt": 17.79382463932473, "by_epsilon": true, "time": 4.006402254104614, "iterations": 71, "accuracy": 0.009866412456134732, "y_init": 0.26999061026707183, "batch_size": null}, {"y_opt": 17.797522985799535, "by_epsilon": true, "time": 4.006017684936523, "iterations": 71, "accuracy": 0.009663706338753464, "y_init": 0.42548960170480965, "batch_size": null}]}], "20": [{"sample_id": 0, "A_matrix": [[14.319612941351064, -1.673516078620404, 4.891015878060334, -6.153065022803686, -11.63812279801528, -1.9231349976904095, -3.283542537067761, 2.326530456699761, 1.0078453743211142, 2.8561369917527824, 0.041820028620197874, -1.6582182510675678, -4.557371363303301, -2.017471236346542, -3.9523595551869857, -5.65848545778754, -0.9488371127439873, -3.440168185487894, -0.5232676624846839, -0.2750512763485049], [-1.673516078620404, 14.18368015980304, -6.936401591181281, -2.671879075757059, 3.1265138415776907, 1.2798796254963425, 2.8566010517435014, 0.8934559997718873, -0.14610072924763087, 2.530784198852971, 3.365728335461172, -3.1887051471126813, 2.6092789385259785, -2.1202871621829, 11.376450719365593, -2.5006029033236885, -4.153204328892265, 6.060232420896054, -8.057719124279258, -4.250179820576133], [4.891015878060334, -6.936401591181281, 26.246341688589798, -6.371085428243183, -3.667576505438066, 5.36242075763498, -0.8383244228746145, 2.422021653436781, 0.05567313066242192, 1.1512700112137377, -1.701498711903449, 11.051044438512559, -5.270486070390582, 10.488826031194979, -7.583179433267382, 5.453472133838308, 3.053552976633049, -1.758151765183876, 8.685225061415835, 6.832168509398739], [-6.153065022803686, -2.671879075757059, -6.371085428243183, 28.67747362320689, -0.21767018977423336, -4.976019921679043, -3.893639359864635, -5.520703721904683, -5.350150454774463, 3.9143956955915176, -10.22739862734221, 3.2959842540432507, 1.4103391828064888, -1.9603703884377506, -0.32906640074871196, 2.823150259898148, 5.047309732196795, 5.522230589879815, 11.695593074722991, 0.6985946477225768], [-11.63812279801528, 3.1265138415776907, -3.667576505438066, -0.21767018977423336, 23.94263786996085, 3.0934071078838303, 5.1978426080046285, 0.4064688966243373, -6.465795534704341, -3.495922452057463, 1.037525064291854, -0.8384741118384237, 1.6222405363961296, 5.029950779817252, 4.403196297838196, 6.84307852174898, 6.9812586218644, -0.08868051173834157, 2.030887508944791, -8.821456587621451], [-1.9231349976904095, 1.2798796254963425, 5.36242075763498, -4.976019921679043, 3.0934071078838303, 18.34272887780276, 3.0209193215156227, -0.0449089512226974, 1.984090083969217, 1.3586164723075416, 3.423606395924191, 1.4469398565816152, 4.563335628440797, 1.2261711044505352, 1.8009417869059192, 6.908223377127013, -7.547515288924198, -2.419304537562038, -2.9718065949132892, -1.8337269153698452], [-3.283542537067761, 2.8566010517435014, -0.8383244228746145, -3.893639359864635, 5.1978426080046285, 3.0209193215156227, 16.468936118530433, 11.37665243199754, 4.460657375894909, -0.41980542360900647, -0.44221624969934553, 12.239746991436922, 6.132762299812536, -1.1889120223890122, 1.2784049515620746, -1.333739996101348, 4.192464123943021, 4.274616269248493, -0.9108466222551532, 0.4902065787009898], [2.326530456699761, 0.8934559997718873, 2.422021653436781, -5.520703721904683, 0.4064688966243373, -0.0449089512226974, 11.37665243199754, 15.539393004217548, 4.580052394964316, -3.115940853370122, 2.437699350767456, 16.785751988823886, 6.209749303458385, -0.40980628621343, -0.21763913284364192, 1.71277617680719, 3.324843431164484, 4.891658125528095, -0.9231980829988651, 1.8918680660703728], [1.0078453743211142, -0.14610072924763087, 0.05567313066242192, -5.350150454774463, -6.465795534704341, 1.984090083969217, 4.460657375894909, 4.580052394964316, 12.132826062648249, -0.2919112104063009, -1.2168308985796927, 8.686987469431763, -0.2809612066481463, -2.200618466361774, -1.4890526972571174, -5.915741637720747, -6.636063792108356, 3.3914125245415288, -2.628828822530558, 6.1199277977660715], [2.8561369917527824, 2.530784198852971, 1.1512700112137377, 3.9143956955915176, -3.495922452057463, 1.3586164723075416, -0.41980542360900647, -3.115940853370122, -0.2919112104063009, 13.812697971558967, -4.336168223024407, 0.979986516925098, -4.675065022461282, 1.3453907301836654, -2.3621809574367014, -3.4900814010543693, 7.790206363823138, -5.2715134295062205, 0.7350596940046632, -1.3069438711886545], [0.041820028620197874, 3.365728335461172, -1.701498711903449, -10.22739862734221, 1.037525064291854, 3.423606395924191, -0.44221624969934553, 2.437699350767456, -1.2168308985796927, -4.336168223024407, 12.935724677591029, -3.8846944814557878, 2.1277679271560777, -0.7336372385665277, -0.16995674413786738, 4.097750351389982, -3.8649312854566213, 1.5410002973195809, -5.474019057727384, -2.2017641208682], [-1.6582182510675678, -3.1887051471126813, 11.051044438512559, 3.2959842540432507, -0.8384741118384237, 1.4469398565816152, 12.239746991436922, 16.785751988823886, 8.686987469431763, 0.979986516925098, -3.8846944814557878, 40.52387932577617, 7.1124582240741505, 8.62908441980674, 1.9399870711008373, 5.256284246007108, 6.216762782369224, 7.150117773319154, 11.855570686925955, 8.311733910069844], [-4.557371363303301, 2.6092789385259785, -5.270486070390582, 1.4103391828064888, 1.6222405363961296, 4.563335628440797, 6.132762299812536, 6.209749303458385, -0.2809612066481463, -4.675065022461282, 2.1277679271560777, 7.1124582240741505, 20.133869297107516, -0.5070339742513634, 11.828312862888943, 7.650497615418132, -2.5442707661023847, -1.5639350538599972, -8.329165085124245, -1.8985392379419868], [-2.017471236346542, -2.1202871621829, 10.488826031194979, -1.9603703884377506, 5.029950779817252, 1.2261711044505352, -1.1889120223890122, -0.40980628621343, -2.200618466361774, 1.3453907301836654, -0.7336372385665277, 8.62908441980674, -0.5070339742513634, 17.011096219449207, 2.991209992965219, 3.111719378791559, 7.289519391228976, -5.375236844208594, 7.041153681579509, 3.1889300716581066], [-3.9523595551869857, 11.376450719365593, -7.583179433267382, -0.32906640074871196, 4.403196297838196, 1.8009417869059192, 1.2784049515620746, -0.21763913284364192, -1.4890526972571174, -2.3621809574367014, -0.16995674413786738, 1.9399870711008373, 11.828312862888943, 2.991209992965219, 28.87829122820621, 0.8261164669281423, -4.328094090874281, 4.846430802157626, -7.491029202764206, -2.0120981998076637], [-5.65848545778754, -2.5006029033236885, 5.453472133838308, 2.823150259898148, 6.84307852174898, 6.908223377127013, -1.333739996101348, 1.71277617680719, -5.915741637720747, -3.4900814010543693, 4.097750351389982, 5.256284246007108, 7.650497615418132, 3.111719378791559, 0.8261164669281423, 19.103347620097978, 0.9664524998850451, -2.169635084445435, 1.2199957566772286, -0.4274270739882814], [-0.9488371127439873, -4.153204328892265, 3.053552976633049, 5.047309732196795, 6.9812586218644, -7.547515288924198, 4.192464123943021, 3.324843431164484, -6.636063792108356, 7.790206363823138, -3.8649312854566213, 6.216762782369224, -2.5442707661023847, 7.289519391228976, -4.328094090874281, 0.9664524998850451, 27.04230843239089, -5.475736095604766, 6.398703383389166, 2.00673338484333], [-3.440168185487894, 6.060232420896054, -1.758151765183876, 5.522230589879815, -0.08868051173834157, -2.419304537562038, 4.274616269248493, 4.891658125528095, 3.3914125245415288, -5.2715134295062205, 1.5410002973195809, 7.150117773319154, -1.5639350538599972, -5.375236844208594, 4.846430802157626, -2.169635084445435, -5.475736095604766, 26.903798890902358, 3.6480144816096023, 8.362741657485511], [-0.5232676624846839, -8.057719124279258, 8.685225061415835, 11.695593074722991, 2.030887508944791, -2.9718065949132892, -0.9108466222551532, -0.9231980829988651, -2.628828822530558, 0.7350596940046632, -5.474019057727384, 11.855570686925955, -8.329165085124245, 7.041153681579509, -7.491029202764206, 1.2199957566772286, 6.398703383389166, 3.6480144816096023, 21.089554431001233, 1.7479555104176827], [-0.2750512763485049, -4.250179820576133, 6.832168509398739, 0.6985946477225768, -8.821456587621451, -1.8337269153698452, 0.4902065787009898, 1.8918680660703728, 6.1199277977660715, -1.3069438711886545, -2.2017641208682, 8.311733910069844, -1.8985392379419868, 3.1889300716581066, -2.0120981998076637, -0.4274270739882814, 2.00673338484333, 8.362741657485511, 1.7479555104176827, 19.378209488207034]], "init_point_exps": [{"y_opt": 149.76171035693272, "by_epsilon": true, "time": 45.17446327209473, "iterations": 434, "accuracy": 0.009943758838513617, "y_init": 0.30532032701435297, "batch_size": null}, {"y_opt": 149.76332662192638, "by_epsilon": true, "time": 45.277745485305786, "iterations": 434, "accuracy": 0.00992877805633574, "y_init": 0.6067447670148379, "batch_size": null}, {"y_opt": 149.7628075301666, "by_epsilon": true, "time": 44.98296284675598, "iterations": 433, "accuracy": 0.009933589359904405, "y_init": 0.032922612636638204, "batch_size": null}, {"y_opt": 149.76330394417508, "by_epsilon": true, "time": 45.13021993637085, "iterations": 434, "accuracy": 0.00992898824878985, "y_init": 0.5415395891079462, "batch_size": null}, {"y_opt": 149.76155453450687, "by_epsilon": true, "time": 45.19236207008362, "iterations": 434, "accuracy": 0.009945203137845526, "y_init": 0.2804621727434544, "batch_size": null}, {"y_opt": 149.76278676342778, "by_epsilon": true, "time": 45.1230993270874, "iterations": 433, "accuracy": 0.009933781841207523, "y_init": 0.025051630961037685, "batch_size": null}, {"y_opt": 149.7639402014307, "by_epsilon": true, "time": 45.182780742645264, "iterations": 434, "accuracy": 0.009923091019199415, "y_init": 0.8734430927576259, "batch_size": null}, {"y_opt": 149.76366660275573, "by_epsilon": true, "time": 45.35904598236084, "iterations": 434, "accuracy": 0.009925626896217121, "y_init": 0.7138166765335763, "batch_size": null}, {"y_opt": 149.76235697325825, "by_epsilon": true, "time": 45.14407300949097, "iterations": 434, "accuracy": 0.00993776546281655, "y_init": 0.27283083768142424, "batch_size": null}, {"y_opt": 149.76209433160275, "by_epsilon": true, "time": 45.16210222244263, "iterations": 434, "accuracy": 0.009940199836755204, "y_init": 0.22486567304814964, "batch_size": null}, {"y_opt": 149.7623573005599, "by_epsilon": true, "time": 45.245156049728394, "iterations": 434, "accuracy": 0.009937762429126806, "y_init": 0.2723200044081773, "batch_size": null}, {"y_opt": 149.76332748384203, "by_epsilon": true, "time": 45.15734124183655, "iterations": 434, "accuracy": 0.009928770067530124, "y_init": 0.6020055665189429, "batch_size": null}, {"y_opt": 149.76291140596675, "by_epsilon": true, "time": 45.114901065826416, "iterations": 433, "accuracy": 0.009932626563954106, "y_init": 0.0702128973974484, "batch_size": null}, {"y_opt": 149.7624243018335, "by_epsilon": true, "time": 45.1388840675354, "iterations": 434, "accuracy": 0.00993714140889601, "y_init": 0.38434861414847066, "batch_size": null}, {"y_opt": 149.7627934025225, "by_epsilon": true, "time": 45.102731227874756, "iterations": 433, "accuracy": 0.009933720305222327, "y_init": 0.024135873937290886, "batch_size": null}, {"y_opt": 149.76031814739633, "by_epsilon": true, "time": 45.28488540649414, "iterations": 435, "accuracy": 0.009956663171758917, "y_init": 0.44004227323460376, "batch_size": null}, {"y_opt": 149.7639280223675, "by_epsilon": true, "time": 45.30351519584656, "iterations": 434, "accuracy": 0.009923203901874844, "y_init": 0.8612287500388215, "batch_size": null}, {"y_opt": 149.76392800141062, "by_epsilon": true, "time": 45.2618670463562, "iterations": 434, "accuracy": 0.009923204096115246, "y_init": 0.8638307893190108, "batch_size": null}, {"y_opt": 149.75779973967673, "by_epsilon": true, "time": 45.27225470542908, "iterations": 434, "accuracy": 0.009980006821720622, "y_init": 0.5056676271613317, "batch_size": null}, {"y_opt": 149.76391582110605, "by_epsilon": true, "time": 45.127747535705566, "iterations": 434, "accuracy": 0.009923316990315234, "y_init": 0.856986637869183, "batch_size": null}, {"y_opt": 149.76380753408384, "by_epsilon": true, "time": 45.35491323471069, "iterations": 434, "accuracy": 0.009924320658735608, "y_init": 0.7932403045719162, "batch_size": null}, {"y_opt": 149.76107860321855, "by_epsilon": true, "time": 45.22640132904053, "iterations": 434, "accuracy": 0.00994961450702836, "y_init": 0.12377746140722434, "batch_size": null}, {"y_opt": 149.76148118325122, "by_epsilon": true, "time": 45.33959937095642, "iterations": 434, "accuracy": 0.009945883022893565, "y_init": 0.2613837380622307, "batch_size": null}, {"y_opt": 149.76379560829642, "by_epsilon": true, "time": 45.21443581581116, "iterations": 434, "accuracy": 0.00992443119410602, "y_init": 0.7870691518786841, "batch_size": null}, {"y_opt": 149.76396498829158, "by_epsilon": true, "time": 45.15576720237732, "iterations": 434, "accuracy": 0.00992286128014297, "y_init": 0.8984541606147003, "batch_size": null}, {"y_opt": 149.76323447370714, "by_epsilon": true, "time": 45.41446328163147, "iterations": 434, "accuracy": 0.009929632147617218, "y_init": 0.5247861338286757, "batch_size": null}, {"y_opt": 149.7562900201614, "by_epsilon": true, "time": 45.073071002960205, "iterations": 433, "accuracy": 0.009994001119069784, "y_init": 0.35779025109618356, "batch_size": null}, {"y_opt": 149.7627368898876, "by_epsilon": true, "time": 45.108200550079346, "iterations": 433, "accuracy": 0.009934244105828549, "y_init": 0.10999082830354201, "batch_size": null}, {"y_opt": 149.76118576024965, "by_epsilon": true, "time": 45.09597563743591, "iterations": 434, "accuracy": 0.00994862127451146, "y_init": 0.14966937890500298, "batch_size": null}, {"y_opt": 149.7629147517058, "by_epsilon": true, "time": 45.27503538131714, "iterations": 433, "accuracy": 0.009932595553251433, "y_init": 0.08698165310556638, "batch_size": null}, {"y_opt": 149.76130390095463, "by_epsilon": true, "time": 45.07713484764099, "iterations": 434, "accuracy": 0.009947526236644855, "y_init": 0.16653526240427796, "batch_size": null}, {"y_opt": 149.76179664552348, "by_epsilon": true, "time": 45.16583251953125, "iterations": 434, "accuracy": 0.009942959041279176, "y_init": 0.3257613920970418, "batch_size": null}, {"y_opt": 149.7628838490763, "by_epsilon": true, "time": 45.28144431114197, "iterations": 434, "accuracy": 0.009932881980986075, "y_init": 0.3695674109694773, "batch_size": null}, {"y_opt": 149.7588848324612, "by_epsilon": true, "time": 45.169875383377075, "iterations": 434, "accuracy": 0.009969948769076753, "y_init": 0.7378718191862785, "batch_size": null}, {"y_opt": 149.76188560212427, "by_epsilon": true, "time": 45.160865783691406, "iterations": 434, "accuracy": 0.009942134515623424, "y_init": 0.34247614081956024, "batch_size": null}, {"y_opt": 149.76329194441828, "by_epsilon": true, "time": 45.28412938117981, "iterations": 434, "accuracy": 0.009929099470529001, "y_init": 0.5956971325815037, "batch_size": null}, {"y_opt": 149.76383124439943, "by_epsilon": true, "time": 45.21470808982849, "iterations": 434, "accuracy": 0.009924100897323429, "y_init": 0.8112470925868313, "batch_size": null}, {"y_opt": 149.76316408960872, "by_epsilon": true, "time": 45.1480016708374, "iterations": 434, "accuracy": 0.00993028451521516, "y_init": 0.5125259671577467, "batch_size": null}, {"y_opt": 149.7616218101658, "by_epsilon": true, "time": 45.102784395217896, "iterations": 434, "accuracy": 0.00994457956746797, "y_init": 0.2898739441725404, "batch_size": null}, {"y_opt": 149.7610665387169, "by_epsilon": true, "time": 45.38286852836609, "iterations": 434, "accuracy": 0.009949726332310282, "y_init": 0.18166586427390052, "batch_size": null}, {"y_opt": 149.76412639382184, "by_epsilon": true, "time": 45.168416261672974, "iterations": 434, "accuracy": 0.009921365281662098, "y_init": 0.9747675645407418, "batch_size": null}, {"y_opt": 149.76170933952173, "by_epsilon": true, "time": 45.34472846984863, "iterations": 434, "accuracy": 0.009943768268763531, "y_init": 0.3070737896930369, "batch_size": null}, {"y_opt": 149.76293027195982, "by_epsilon": true, "time": 45.140804290771484, "iterations": 433, "accuracy": 0.009932451700451539, "y_init": 0.07761142380844754, "batch_size": null}, {"y_opt": 149.7569137193558, "by_epsilon": true, "time": 45.440670013427734, "iterations": 434, "accuracy": 0.009988219723637615, "y_init": 0.30816634427509815, "batch_size": null}, {"y_opt": 149.7613592984494, "by_epsilon": true, "time": 45.153677225112915, "iterations": 434, "accuracy": 0.009947012761787555, "y_init": 0.24351274475864548, "batch_size": null}, {"y_opt": 149.76106263270526, "by_epsilon": true, "time": 45.11217141151428, "iterations": 434, "accuracy": 0.009949762536946682, "y_init": 0.12715563838870558, "batch_size": null}, {"y_opt": 149.76307942074075, "by_epsilon": true, "time": 45.19364047050476, "iterations": 434, "accuracy": 0.00993106928459464, "y_init": 0.5585446424776602, "batch_size": null}, {"y_opt": 149.7632917783771, "by_epsilon": true, "time": 45.11210012435913, "iterations": 434, "accuracy": 0.009929101009510388, "y_init": 0.5965719780417957, "batch_size": null}, {"y_opt": 149.75711845071334, "by_epsilon": true, "time": 45.09483575820923, "iterations": 433, "accuracy": 0.009986321972031531, "y_init": 0.7405480228375414, "batch_size": null}, {"y_opt": 149.76246271685284, "by_epsilon": true, "time": 45.067298889160156, "iterations": 434, "accuracy": 0.009936785348696686, "y_init": 0.44955011859110117, "batch_size": null}, {"y_opt": 149.76289565440612, "by_epsilon": true, "time": 45.109588623046875, "iterations": 433, "accuracy": 0.009932772560706793, "y_init": 0.06733636074629779, "batch_size": null}, {"y_opt": 149.76015641787237, "by_epsilon": true, "time": 45.216174840927124, "iterations": 434, "accuracy": 0.00995816225222379, "y_init": 0.16902705966453868, "batch_size": null}, {"y_opt": 149.76396469760536, "by_epsilon": true, "time": 45.18731069564819, "iterations": 434, "accuracy": 0.009922863974392238, "y_init": 0.8835136887304511, "batch_size": null}, {"y_opt": 149.75935490369116, "by_epsilon": true, "time": 45.08136200904846, "iterations": 434, "accuracy": 0.009965591583818378, "y_init": 0.8329650235725454, "batch_size": null}, {"y_opt": 149.76284861053944, "by_epsilon": true, "time": 45.051151514053345, "iterations": 433, "accuracy": 0.009933208597169507, "y_init": 0.050288800266848344, "batch_size": null}, {"y_opt": 149.76127361438103, "by_epsilon": true, "time": 45.21545934677124, "iterations": 434, "accuracy": 0.009947806960591832, "y_init": 0.22719142029833683, "batch_size": null}, {"y_opt": 149.76298748787192, "by_epsilon": true, "time": 45.13637661933899, "iterations": 434, "accuracy": 0.009931921382777986, "y_init": 0.48664138017889014, "batch_size": null}, {"y_opt": 149.76274883112438, "by_epsilon": true, "time": 45.06317663192749, "iterations": 433, "accuracy": 0.009934133425640868, "y_init": 0.011237141124856742, "batch_size": null}, {"y_opt": 149.76200690722234, "by_epsilon": true, "time": 45.144041538238525, "iterations": 434, "accuracy": 0.00994101015813631, "y_init": 0.21035982925960361, "batch_size": null}, {"y_opt": 149.7639402008186, "by_epsilon": true, "time": 45.0856876373291, "iterations": 434, "accuracy": 0.009923091024871766, "y_init": 0.8739442462088952, "batch_size": null}, {"y_opt": 149.7638314088847, "by_epsilon": true, "time": 45.09689784049988, "iterations": 434, "accuracy": 0.009924099372774497, "y_init": 0.8068310905956141, "batch_size": null}, {"y_opt": 149.7607694857352, "by_epsilon": true, "time": 45.36469125747681, "iterations": 434, "accuracy": 0.009952479707915352, "y_init": 0.12465708334328962, "batch_size": null}, {"y_opt": 149.75619993167558, "by_epsilon": true, "time": 45.243913888931274, "iterations": 434, "accuracy": 0.009994836200690083, "y_init": 0.13923795777778558, "batch_size": null}, {"y_opt": 149.7619203777113, "by_epsilon": true, "time": 45.15091848373413, "iterations": 434, "accuracy": 0.009941812186094356, "y_init": 0.3460306725948964, "batch_size": null}, {"y_opt": 149.76416425115158, "by_epsilon": true, "time": 45.10572552680969, "iterations": 434, "accuracy": 0.009921014398828865, "y_init": 0.9949176582074373, "batch_size": null}, {"y_opt": 149.76332660348717, "by_epsilon": true, "time": 45.13628