{"10": [{"sample_id": 0, "A_matrix": [[3.08363299044841, 0.3548239372008634, 0.8247983509682104, 2.8663784790795215, 0.3539115679032217, 1.772055051345958, 1.2265736509702105, 3.2727636628484107, -1.0419221785470898, 1.6351368636615229], [0.3548239372008634, 2.447037684448537, -1.2136501118238578, -2.2270333220087855, 1.1358324814833252, -0.7396171355056436, 2.0111234115523646, 0.3432230999993472, 2.943980656275034, 2.452045970447295], [0.8247983509682104, -1.2136501118238578, 4.8647457701129175, 2.1562805990826495, -0.5732404942100987, -0.597860591728618, -4.203886111787708, 1.8242056926348875, -2.9716722096835233, -3.4101076641717456], [2.8663784790795215, -2.2270333220087855, 2.1562805990826495, 6.85311218567352, -0.11190453462946849, -0.07097138607173992, -0.6369228756616201, 3.069580075560387, -4.405280300157615, -0.2369752602119526], [0.3539115679032217, 1.1358324814833252, -0.5732404942100987, -0.11190453462946849, 7.112242233462067, -4.959988613105319, 0.366788313092458, -1.6039532883239471, 2.628292273861291, 2.777583805860813], [1.772055051345958, -0.7396171355056436, -0.597860591728618, -0.07097138607173992, -4.959988613105319, 13.830247072034302, 7.027430546239327, 3.4781561386953985, -4.139498788505761, 2.261585783885703], [1.2265736509702105, 2.0111234115523646, -4.203886111787708, -0.6369228756616201, 0.366788313092458, 7.027430546239327, 23.691653218565346, -4.0999889514619285, -1.6258681147067902, 7.102350508575402], [3.2727636628484107, 0.3432230999993472, 1.8242056926348875, 3.069580075560387, -1.6039532883239471, 3.4781561386953985, -4.0999889514619285, 8.782834010027518, -0.6325563376624016, 3.3295057417826834], [-1.0419221785470898, 2.943980656275034, -2.9716722096835233, -4.405280300157615, 2.628292273861291, -4.139498788505761, -1.6258681147067902, -0.6325563376624016, 7.421468931795864, 1.843777965643876], [1.6351368636615229, 2.452045970447295, -3.4101076641717456, -0.2369752602119526, 2.777583805860813, 2.261585783885703, 7.102350508575402, 3.3295057417826834, 1.843777965643876, 14.065668668676782]], "init_point_exps": [{"y_opt": 0.0028052441930059846, "by_epsilon": true, "time": 1.0039827823638916, "iterations": 9, "accuracy": 0.00039875888862950237, "y_init": 0.37119455857785166, "batch_size": 1}, {"y_opt": 0.05479062574344595, "by_epsilon": true, "time": 0.7807309627532959, "iterations": 7, "accuracy": 0.004609314672206599, "y_init": 0.737547720225735, "batch_size": 1}, {"y_opt": 0.03556385046120847, "by_epsilon": true, "time": 1.001772403717041, "iterations": 9, "accuracy": 0.009926228054247033, "y_init": 0.5405373057133814, "batch_size": 1}, {"y_opt": 0.018730316208186104, "by_epsilon": true, "time": 0.7819361686706543, "iterations": 7, "accuracy": 0.004251604790534658, "y_init": 0.5178857729945537, "batch_size": 1}, {"y_opt": 0.019676638197543284, "by_epsilon": true, "time": 1.1173906326293945, "iterations": 10, "accuracy": 0.005510296759795974, "y_init": 0.9044279216273505, "batch_size": 1}, {"y_opt": 0.012541254711571193, "by_epsilon": true, "time": 0.7776565551757812, "iterations": 7, "accuracy": 0.001057866539581731, "y_init": 0.4182045558910773, "batch_size": 1}, {"y_opt": 0.004921804741152891, "by_epsilon": true, "time": 0.6673688888549805, "iterations": 6, "accuracy": 0.0031845853260339396, "y_init": 0.20312761913149258, "batch_size": 1}, {"y_opt": 0.020529970848161216, "by_epsilon": true, "time": 0.7820777893066406, "iterations": 7, "accuracy": 0.0029622534193595174, "y_init": 0.1808433536319387, "batch_size": 1}, {"y_opt": 0.08073078437057546, "by_epsilon": true, "time": 0.6740560531616211, "iterations": 6, "accuracy": 0.006780447756707608, "y_init": 0.8530832822329799, "batch_size": 1}, {"y_opt": 0.005878715495611364, "by_epsilon": true, "time": 0.334827184677124, "iterations": 3, "accuracy": 0.0004960842620207462, "y_init": 0.05004789757768535, "batch_size": 1}, {"y_opt": 0.03609040144765441, "by_epsilon": true, "time": 0.6668293476104736, "iterations": 6, "accuracy": 0.009655457287195968, "y_init": 0.6748437119899767, "batch_size": 1}, {"y_opt": 0.040199183675172945, "by_epsilon": true, "time": 0.6692469120025635, "iterations": 6, "accuracy": 0.005691518434378762, "y_init": 0.35316649143992274, "batch_size": 1}, {"y_opt": 0.01323069784237385, "by_epsilon": true, "time": 1.1131939888000488, "iterations": 10, "accuracy": 0.001878624273025875, "y_init": 0.9833705513622892, "batch_size": 1}, {"y_opt": 0.06926425668739533, "by_epsilon": true, "time": 0.5630204677581787, "iterations": 5, "accuracy": 0.005821601996821468, "y_init": 0.6782467102539899, "batch_size": 1}, {"y_opt": 0.006567747112959155, "by_epsilon": true, "time": 0.6677727699279785, "iterations": 6, "accuracy": 0.0009332154862190523, "y_init": 0.43170135189020353, "batch_size": 1}, {"y_opt": 0.03165648785663766, "by_epsilon": true, "time": 0.7832884788513184, "iterations": 7, "accuracy": 0.004562193163779815, "y_init": 0.4807956458990307, "batch_size": 1}, {"y_opt": 0.020599176325212798, "by_epsilon": true, "time": 0.6670129299163818, "iterations": 6, "accuracy": 0.0057675281451115, "y_init": 0.23693646218315334, "batch_size": 1}, {"y_opt": 0.06482750430584117, "by_epsilon": true, "time": 0.22797608375549316, "iterations": 2, "accuracy": 0.009154497703046216, "y_init": 0.08953861626852033, "batch_size": 1}, {"y_opt": 0.038293801654381565, "by_epsilon": true, "time": 1.0024189949035645, "iterations": 9, "accuracy": 0.005422847062111269, "y_init": 0.9305829730269993, "batch_size": 1}, {"y_opt": 0.02323928933522268, "by_epsilon": true, "time": 0.4506185054779053, "iterations": 4, "accuracy": 0.001958929623255723, "y_init": 0.5914117287962016, "batch_size": 1}, {"y_opt": 0.031029066972876773, "by_epsilon": true, "time": 1.0050735473632812, "iterations": 9, "accuracy": 0.0026142721739133012, "y_init": 0.8468300587219054, "batch_size": 1}, {"y_opt": 0.008104510374191909, "by_epsilon": true, "time": 0.22469377517700195, "iterations": 2, "accuracy": 0.00227514145414065, "y_init": 0.022608105116026178, "batch_size": 1}, {"y_opt": 0.03490255558047639, "by_epsilon": true, "time": 0.557145357131958, "iterations": 5, "accuracy": 0.002939902824521723, "y_init": 0.6011432937304239, "batch_size": 1}, {"y_opt": 0.027096207625575963, "by_epsilon": true, "time": 0.6732981204986572, "iterations": 6, "accuracy": 0.006141828099681668, "y_init": 0.2926119551440113, "batch_size": 1}, {"y_opt": 0.026557470205185285, "by_epsilon": true, "time": 0.8908774852752686, "iterations": 8, "accuracy": 0.006020265796314206, "y_init": 0.2586167445137365, "batch_size": 1}, {"y_opt": 0.025262500098379048, "by_epsilon": true, "time": 0.8929083347320557, "iterations": 8, "accuracy": 0.006773347400236496, "y_init": 0.5437823763419228, "batch_size": 1}, {"y_opt": 0.04069412722550747, "by_epsilon": true, "time": 0.6657195091247559, "iterations": 6, "accuracy": 0.005761290911324601, "y_init": 0.9024878337414822, "batch_size": 1}, {"y_opt": 0.0025246881594915838, "by_epsilon": true, "time": 0.557504415512085, "iterations": 5, "accuracy": 0.0003649966624973411, "y_init": 0.468489475319544, "batch_size": 1}, {"y_opt": 0.03624282955220359, "by_epsilon": true, "time": 1.0002074241638184, "iterations": 9, "accuracy": 0.00513352481929763, "y_init": 0.5417277145309196, "batch_size": 1}, {"y_opt": 0.03018776526696021, "by_epsilon": true, "time": 0.22697997093200684, "iterations": 2, "accuracy": 0.004351218620433972, "y_init": 0.04246700568979267, "batch_size": 1}, {"y_opt": 0.01898028381110395, "by_epsilon": true, "time": 0.5577099323272705, "iterations": 5, "accuracy": 0.0027391098637716826, "y_init": 0.3273738459143206, "batch_size": 1}, {"y_opt": 0.06571541492880084, "by_epsilon": true, "time": 0.3375060558319092, "iterations": 3, "accuracy": 0.009279008451961723, "y_init": 0.1071032384284073, "batch_size": 1}, {"y_opt": 0.022303430195676488, "by_epsilon": true, "time": 0.8895003795623779, "iterations": 8, "accuracy": 0.0018801537106893917, "y_init": 0.3290641311708067, "batch_size": 1}, {"y_opt": 0.034271884426482435, "by_epsilon": true, "time": 1.4528727531433105, "iterations": 13, "accuracy": 0.0049377156143574075, "y_init": 0.788129349320499, "batch_size": 1}, {"y_opt": 0.047322443607692, "by_epsilon": true, "time": 0.5601165294647217, "iterations": 5, "accuracy": 0.00680836207014246, "y_init": 0.20821488870934168, "batch_size": 1}, {"y_opt": 0.005442571698622722, "by_epsilon": true, "time": 1.1196038722991943, "iterations": 10, "accuracy": 0.0035206501219042785, "y_init": 0.30430089905063096, "batch_size": 1}, {"y_opt": 0.050139496258163496, "by_epsilon": true, "time": 0.7825891971588135, "iterations": 7, "accuracy": 0.0072114616819976, "y_init": 0.8403812261914202, "batch_size": 1}, {"y_opt": 0.008704994128946542, "by_epsilon": true, "time": 0.8921337127685547, "iterations": 8, "accuracy": 0.0035692243902488707, "y_init": 0.44214002899241767, "batch_size": 1}, {"y_opt": 0.022638023105492566, "by_epsilon": true, "time": 0.8890962600708008, "iterations": 8, "accuracy": 0.009242406646911117, "y_init": 0.7516025340003385, "batch_size": 1}, {"y_opt": 0.036041706258373885, "by_epsilon": true, "time": 0.6677882671356201, "iterations": 6, "accuracy": 0.009642523970772254, "y_init": 0.5344661702069492, "batch_size": 1}, {"y_opt": 0.01327269071697712, "by_epsilon": true, "time": 1.2192630767822266, "iterations": 11, "accuracy": 0.003567264073714882, "y_init": 0.7884938743279963, "batch_size": 1}, {"y_opt": 0.026462966786542585, "by_epsilon": true, "time": 1.118126630783081, "iterations": 10, "accuracy": 0.005998939466405617, "y_init": 0.8573573180740153, "batch_size": 1}, {"y_opt": 0.10630899276923611, "by_epsilon": true, "time": 0.5566596984863281, "iterations": 5, "accuracy": 0.008914338369337083, "y_init": 0.2691806459871151, "batch_size": 1}, {"y_opt": 0.005169536644972772, "by_epsilon": true, "time": 1.2226719856262207, "iterations": 11, "accuracy": 0.002121923082200272, "y_init": 0.44761728708730286, "batch_size": 1}, {"y_opt": 0.03841290357637728, "by_epsilon": true, "time": 0.6626143455505371, "iterations": 6, "accuracy": 0.008690215283781333, "y_init": 0.27796517195042925, "batch_size": 1}, {"y_opt": 0.008351587668574578, "by_epsilon": true, "time": 1.0025410652160645, "iterations": 9, "accuracy": 0.002432864263735346, "y_init": 0.2030100030964801, "batch_size": 1}, {"y_opt": 0.028164717655307148, "by_epsilon": true, "time": 0.7756004333496094, "iterations": 7, "accuracy": 0.008169146415443529, "y_init": 0.5456865976831697, "batch_size": 1}, {"y_opt": 0.021009464903097408, "by_epsilon": true, "time": 1.0025300979614258, "iterations": 9, "accuracy": 0.005881896882632187, "y_init": 0.5837911609764651, "batch_size": 1}, {"y_opt": 0.08802637179459438, "by_epsilon": true, "time": 0.5612330436706543, "iterations": 5, "accuracy": 0.007389792259864025, "y_init": 0.7320686895883034, "batch_size": 1}, {"y_opt": 0.06453676067394654, "by_epsilon": true, "time": 1.0046093463897705, "iterations": 9, "accuracy": 0.005425878434567766, "y_init": 0.869706206111122, "batch_size": 1}, {"y_opt": 0.04430385551892313, "by_epsilon": true, "time": 0.7863085269927979, "iterations": 7, "accuracy": 0.006376151673628039, "y_init": 0.2431182376109544, "batch_size": 1}, {"y_opt": 0.029615629244884367, "by_epsilon": true, "time": 0.5611660480499268, "iterations": 5, "accuracy": 0.008276340761153023, "y_init": 0.4744786218769941, "batch_size": 1}, {"y_opt": 0.004494059536189199, "by_epsilon": true, "time": 0.11556434631347656, "iterations": 1, "accuracy": 0.0006387050261974503, "y_init": 0.004494059536189199, "batch_size": 1}, {"y_opt": 0.007056222012390756, "by_epsilon": true, "time": 0.6643297672271729, "iterations": 6, "accuracy": 0.0018988616387165536, "y_init": 0.4750636794710371, "batch_size": 1}, {"y_opt": 0.052514913918664585, "by_epsilon": true, "time": 0.22666287422180176, "iterations": 2, "accuracy": 0.007425494174555958, "y_init": 0.07367398605350528, "batch_size": 1}, {"y_opt": 0.06377489018868399, "by_epsilon": true, "time": 0.897472620010376, "iterations": 8, "accuracy": 0.0053620825883299306, "y_init": 0.7951847408735855, "batch_size": 1}, {"y_opt": 0.006067184363008016, "by_epsilon": true, "time": 0.2246103286743164, "iterations": 2, "accuracy": 0.0013801703009557187, "y_init": 0.030673358795624273, "batch_size": 1}, {"y_opt": 0.015074584378239164, "by_epsilon": true, "time": 1.0073366165161133, "iterations": 9, "accuracy": 0.006168792834077008, "y_init": 0.9379057663820056, "batch_size": 1}, {"y_opt": 0.010034206307384719, "by_epsilon": true, "time": 0.7734842300415039, "iterations": 7, "accuracy": 0.002815711537022314, "y_init": 0.3106690494110169, "batch_size": 1}, {"y_opt": 0.025623343501021467, "by_epsilon": true, "time": 0.44682812690734863, "iterations": 4, "accuracy": 0.002159565170741007, "y_init": 0.10093999681711352, "batch_size": 1}, {"y_opt": 0.02885213146307064, "by_epsilon": true, "time": 0.8900556564331055, "iterations": 8, "accuracy": 0.004159303369851486, "y_init": 0.32946239629204455, "batch_size": 1}, {"y_opt": 0.10694348319617064, "by_epsilon": true, "time": 0.6701037883758545, "iterations": 6, "accuracy": 0.008967184004720075, "y_init": 0.41380132255483937, "batch_size": 1}, {"y_opt": 0.010153483058383483, "by_epsilon": true, "time": 1.1089692115783691, "iterations": 10, "accuracy": 0.0008565851869065666, "y_init": 0.7386811057919975, "batch_size": 1}, {"y_opt": 0.03475886411447826, "by_epsilon": true, "time": 1.0044949054718018, "iterations": 9, "accuracy": 0.005007613400649258, "y_init": 0.7504164650093815, "batch_size": 1}, {"y_opt": 0.007436867651141488, "by_epsilon": true, "time": 1.450462818145752, "iterations": 13, "accuracy": 0.0010745828946302494, "y_init": 0.9413715431159594, "batch_size": 1}, {"y_opt": 0.00975960316343949, "by_epsilon": true, "time": 0.4466702938079834, "iterations": 4, "accuracy": 0.00792919973378492, "y_init": 0.08922235035783799, "batch_size": 1}, {"y_opt": 0.011962849527524688, "by_epsilon": true, "time": 0.5569510459899902, "iterations": 5, "accuracy": 0.009706179554362815, "y_init": 0.12001784819244454, "batch_size": 1}, {"y_opt": 0.008450513217529543, "by_epsilon": true, "time": 1.1168475151062012, "iterations": 10, "accuracy": 0.000712993221877789, "y_init": 0.9904669337839783, "batch_size": 1}, {"y_opt": 0.06299806278645326, "by_epsilon": true, "time": 0.7815487384796143, "iterations": 7, "accuracy": 0.009048315460108758, "y_init": 0.5745989448195264, "batch_size": 1}, {"y_opt": 0.07052235968786491, "by_epsilon": true, "time": 0.5615139007568359, "iterations": 5, "accuracy": 0.0059268739833686634, "y_init": 0.46947964719156265, "batch_size": 1}, {"y_opt": 0.016992223046362276, "by_epsilon": true, "time": 1.1126091480255127, "iterations": 10, "accuracy": 0.0024527339980003893, "y_init": 0.7370663586019014, "batch_size": 1}, {"y_opt": 0.05062892422488008, "by_epsilon": true, "time": 0.22594833374023438, "iterations": 2, "accuracy": 0.007281470218870156, "y_init": 0.08447382345628418, "batch_size": 1}, {"y_opt": 0.0498493893474804, "by_epsilon": true, "time": 0.7781076431274414, "iterations": 7, "accuracy": 0.004194937149869182, "y_init": 0.2791234340232397, "batch_size": 1}, {"y_opt": 0.0285473456409564, "by_epsilon": true, "time": 0.7781925201416016, "iterations": 7, "accuracy": 0.004046828114853018, "y_init": 0.16162488801766905, "batch_size": 1}, {"y_opt": 0.027323438914052756, "by_epsilon": true, "time": 0.2261366844177246, "iterations": 2, "accuracy": 0.003939579686020767, "y_init": 0.11528113940612361, "batch_size": 1}, {"y_opt": 0.046093675778080545, "by_epsilon": true, "time": 0.8963408470153809, "iterations": 8, "accuracy": 0.0066324574869982555, "y_init": 0.45477758504924515, "batch_size": 1}, {"y_opt": 0.05873426791588909, "by_epsilon": true, "time": 0.5598890781402588, "iterations": 5, "accuracy": 0.008299416157847461, "y_init": 0.7460134571094498, "batch_size": 1}, {"y_opt": 0.03442535446786066, "by_epsilon": true, "time": 0.5656373500823975, "iterations": 5, "accuracy": 0.009213081295765924, "y_init": 0.36713452720436623, "batch_size": 1}, {"y_opt": 0.031065391131259945, "by_epsilon": true, "time": 0.6689536571502686, "iterations": 6, "accuracy": 0.00900479346406624, "y_init": 0.1806566613109447, "batch_size": 1}, {"y_opt": 0.03157256720018364, "by_epsilon": true, "time": 0.3382704257965088, "iterations": 3, "accuracy": 0.009150795948794976, "y_init": 0.11545936455285521, "batch_size": 1}, {"y_opt": 0.006969314677279126, "by_epsilon": true, "time": 1.220456600189209, "iterations": 11, "accuracy": 0.002030813929348785, "y_init": 0.35835587299777427, "batch_size": 1}, {"y_opt": 0.029917476201445692, "by_epsilon": true, "time": 1.2270901203155518, "iterations": 11, "accuracy": 0.008360164829730787, "y_init": 0.8633974886319226, "batch_size": 1}, {"y_opt": 0.009058089616399978, "by_epsilon": true, "time": 0.4449474811553955, "iterations": 4, "accuracy": 0.0026382648339248194, "y_init": 0.187806369139346, "batch_size": 1}, {"y_opt": 0.045065335218849145, "by_epsilon": true, "time": 1.005157232284546, "iterations": 9, "accuracy": 0.006485209200523867, "y_init": 0.7688844747504879, "batch_size": 1}, {"y_opt": 0.029832786319845206, "by_epsilon": true, "time": 1.111760139465332, "iterations": 10, "accuracy": 0.0025136727987243868, "y_init": 0.6354989043957476, "batch_size": 1}, {"y_opt": 0.06234519632499169, "by_epsilon": true, "time": 0.44536471366882324, "iterations": 4, "accuracy": 0.005242349438867144, "y_init": 0.5047774702422474, "batch_size": 1}, {"y_opt": 0.03259028031345623, "by_epsilon": true, "time": 0.33430051803588867, "iterations": 3, "accuracy": 0.002745537111337071, "y_init": 0.06252694822103921, "batch_size": 1}, {"y_opt": 0.002538056984888293, "by_epsilon": true, "time": 0.33503031730651855, "iterations": 3, "accuracy": 0.0007402907333623476, "y_init": 0.06288622181499548, "batch_size": 1}, {"y_opt": 0.01352884098307261, "by_epsilon": true, "time": 0.6638209819793701, "iterations": 6, "accuracy": 0.003793553863461696, "y_init": 0.5353475230714608, "batch_size": 1}, {"y_opt": 0.043927125270901035, "by_epsilon": true, "time": 0.557755708694458, "iterations": 5, "accuracy": 0.006322190517363491, "y_init": 0.17833645629304185, "batch_size": 1}, {"y_opt": 0.039070801861494364, "by_epsilon": true, "time": 1.1172459125518799, "iterations": 10, "accuracy": 0.0056261987326378105, "y_init": 0.9107172381598432, "batch_size": 1}, {"y_opt": 0.01776434214179501, "by_epsilon": true, "time": 0.674445390701294, "iterations": 6, "accuracy": 0.004976773053628203, "y_init": 0.9288428427676914, "batch_size": 1}, {"y_opt": 0.050374663490433624, "by_epsilon": true, "time": 0.777092695236206, "iterations": 7, "accuracy": 0.007245101292598144, "y_init": 0.8924106066097094, "batch_size": 1}, {"y_opt": 0.04008581792943855, "by_epsilon": true, "time": 0.44665098190307617, "iterations": 4, "accuracy": 0.009066104258654506, "y_init": 0.3707873903551674, "batch_size": 1}, {"y_opt": 0.1116885685059823, "by_epsilon": true, "time": 0.6680552959442139, "iterations": 6, "accuracy": 0.009362260173816694, "y_init": 0.4672603165403467, "batch_size": 1}, {"y_opt": 0.010521241506720291, "by_epsilon": true, "time": 0.2249317169189453, "iterations": 2, "accuracy": 0.0015197483750363228, "y_init": 0.029184552716892687, "batch_size": 1}, {"y_opt": 0.02862156207036637, "by_epsilon": true, "time": 1.1128108501434326, "iterations": 10, "accuracy": 0.0024118012575433667, "y_init": 0.7975532881757864, "batch_size": 1}, {"y_opt": 0.008327756761759675, "by_epsilon": true, "time": 1.1181573867797852, "iterations": 10, "accuracy": 0.0011830744718202002, "y_init": 0.9612778436281854, "batch_size": 1}, {"y_opt": 0.0301156442879843, "by_epsilon": true, "time": 0.9978339672088623, "iterations": 9, "accuracy": 0.0025374606768733265, "y_init": 0.7586501346562976, "batch_size": 1}, {"y_opt": 0.029282669924385774, "by_epsilon": true, "time": 1.4536945819854736, "iterations": 13, "accuracy": 0.008183864339741942, "y_init": 0.9991733170198009, "batch_size": 1}, {"y_opt": 0.04004297551225733, "by_epsilon": true, "time": 0.5527083873748779, "iterations": 5, "accuracy": 0.0056386144936732, "y_init": 0.44223325012601555, "batch_size": 1}, {"y_opt": 0.017437034489123038, "by_epsilon": true, "time": 0.4441807270050049, "iterations": 4, "accuracy": 0.005571345674111328, "y_init": 0.09997171445357544, "batch_size": 1}, {"y_opt": 0.045735015887896746, "by_epsilon": true, "time": 0.6625103950500488, "iterations": 6, "accuracy": 0.00691266501418486, "y_init": 0.3693208903479577, "batch_size": 1}, {"y_opt": 0.018565212386698504, "by_epsilon": true, "time": 0.6607198715209961, "iterations": 6, "accuracy": 0.009255517309093686, "y_init": 0.28134383442517463, "batch_size": 1}, {"y_opt": 0.025430343978770642, "by_epsilon": true, "time": 0.6600959300994873, "iterations": 6, "accuracy": 0.008109754018843729, "y_init": 0.43354833256287206, "batch_size": 1}, {"y_opt": 0.024616423363127526, "by_epsilon": true, "time": 0.771843671798706, "iterations": 7, "accuracy": 0.005681091364137303, "y_init": 0.5426490763136333, "batch_size": 1}, {"y_opt": 0.06445546430704818, "by_epsilon": true, "time": 1.095442295074463, "iterations": 10, "accuracy": 0.009052867569258383, "y_init": 0.8366433453474132, "batch_size": 1}, {"y_opt": 0.03176438198624576, "by_epsilon": true, "time": 0.8842687606811523, "iterations": 8, "accuracy": 0.004476789410574944, "y_init": 0.4930957935336723, "batch_size": 1}, {"y_opt": 0.012957784120364635, "by_epsilon": true, "time": 0.442582368850708, "iterations": 4, "accuracy": 0.0064735757534661875, "y_init": 0.07416874462585576, "batch_size": 1}, {"y_opt": 0.01125202276568138, "by_epsilon": true, "time": 1.1018848419189453, "iterations": 10, "accuracy": 0.0017073772090714368, "y_init": 0.5591065076034349, "batch_size": 1}, {"y_opt": 0.02439113634813639, "by_epsilon": true, "time": 0.44110870361328125, "iterations": 4, "accuracy": 0.003440306399555171, "y_init": 0.15268521490372589, "batch_size": 1}, {"y_opt": 0.03993247612747097, "by_epsilon": true, "time": 0.768502950668335, "iterations": 7, "accuracy": 0.007496838517756843, "y_init": 0.5299792983782049, "batch_size": 1}, {"y_opt": 0.026509894004515866, "by_epsilon": true, "time": 1.210798978805542, "iterations": 11, "accuracy": 0.006116068782002326, "y_init": 0.9664188522355004, "batch_size": 1}, {"y_opt": 0.03570172371797009, "by_epsilon": true, "time": 0.5538375377655029, "iterations": 5, "accuracy": 0.005029613186157245, "y_init": 0.1061574670547053, "batch_size": 1}, {"y_opt": 0.01639816023070939, "by_epsilon": true, "time": 0.8826274871826172, "iterations": 8, "accuracy": 0.0024867930357246326, "y_init": 0.6086392390302134, "batch_size": 1}, {"y_opt": 0.006386073878882126, "by_epsilon": true, "time": 0.11645936965942383, "iterations": 1, "accuracy": 0.0012046020018570136, "y_init": 0.006386073878882126, "batch_size": 1}, {"y_opt": 0.030451426387622327, "by_epsilon": true, "time": 0.3343496322631836, "iterations": 3, "accuracy": 0.004292341003919065, "y_init": 0.07369046178955696, "batch_size": 1}, {"y_opt": 0.06589930939566158, "by_epsilon": true, "time": 0.9914283752441406, "iterations": 9, "accuracy": 0.00993766978230115, "y_init": 0.7611591331561616, "batch_size": 1}, {"y_opt": 0.009660411245017042, "by_epsilon": true, "time": 1.1018726825714111, "iterations": 10, "accuracy": 0.004832218002135735, "y_init": 0.5040048950732267, "batch_size": 1}, {"y_opt": 0.03715228583414465, "by_epsilon": true, "time": 0.22396540641784668, "iterations": 2, "accuracy": 0.0074039201404410004, "y_init": 0.07138356594241724, "batch_size": 1}, {"y_opt": 0.016549132518165477, "by_epsilon": true, "time": 0.8772587776184082, "iterations": 8, "accuracy": 0.00330820235088769, "y_init": 0.31008956819428346, "batch_size": 1}, {"y_opt": 0.0591962421833776, "by_epsilon": true, "time": 0.7740392684936523, "iterations": 7, "accuracy": 0.008318817170017812, "y_init": 0.5606768727357019, "batch_size": 1}, {"y_opt": 0.042732425534210416, "by_epsilon": true, "time": 0.7712678909301758, "iterations": 7, "accuracy": 0.009831118507758974, "y_init": 0.9099080748580012, "batch_size": 1}, {"y_opt": 0.04982522038865678, "by_epsilon": true, "time": 0.9915800094604492, "iterations": 9, "accuracy": 0.009341051611867046, "y_init": 0.9891997800159401, "batch_size": 1}, {"y_opt": 0.06656091307492928, "by_epsilon": true, "time": 0.7714741230010986, "iterations": 7, "accuracy": 0.00934650493214606, "y_init": 0.5774572842775489, "batch_size": 1}, {"y_opt": 0.023669974953855144, "by_epsilon": true, "time": 0.7746973037719727, "iterations": 7, "accuracy": 0.004726622452785101, "y_init": 0.35364003943662703, "batch_size": 1}, {"y_opt": 0.057057832991251556, "by_epsilon": true, "time": 0.7709541320800781, "iterations": 7, "accuracy": 0.00802011769696731, "y_init": 0.37526293100392216, "batch_size": 1}, {"y_opt": 0.014127141717737879, "by_epsilon": true, "time": 0.33280229568481445, "iterations": 3, "accuracy": 0.002825068252722107, "y_init": 0.045758222277731075, "batch_size": 1}, {"y_opt": 0.04175912302943674, "by_epsilon": true, "time": 0.44423770904541016, "iterations": 4, "accuracy": 0.008316263270709556, "y_init": 0.12239590286459079, "batch_size": 1}, {"y_opt": 0.02525350602902643, "by_epsilon": true, "time": 0.44516658782958984, "iterations": 4, "accuracy": 0.00504163879314079, "y_init": 0.23057507154896906, "batch_size": 1}, {"y_opt": 0.058569294323339904, "by_epsilon": true, "time": 0.5525860786437988, "iterations": 5, "accuracy": 0.008231257174407647, "y_init": 0.2090812025846287, "batch_size": 1}, {"y_opt": 0.010657537872803657, "by_epsilon": true, "time": 0.8811385631561279, "iterations": 8, "accuracy": 0.004285419333240448, "y_init": 0.6061160312520514, "batch_size": 1}, {"y_opt": 0.05991330074733692, "by_epsilon": true, "time": 0.989445686340332, "iterations": 9, "accuracy": 0.00841894787775832, "y_init": 0.9895408282372272, "batch_size": 1}, {"y_opt": 0.05754573675456365, "by_epsilon": true, "time": 0.662067174911499, "iterations": 6, "accuracy": 0.008686163610836073, "y_init": 0.2363261234571291, "batch_size": 1}, {"y_opt": 0.05151607449121298, "by_epsilon": true, "time": 0.6585478782653809, "iterations": 6, "accuracy": 0.007781343265039764, "y_init": 0.6488980332831431, "batch_size": 1}, {"y_opt": 0.009279032942066556, "by_epsilon": true, "time": 0.8790087699890137, "iterations": 8, "accuracy": 0.0017495832255860488, "y_init": 0.3254004938599956, "batch_size": 1}, {"y_opt": 0.05154630254258308, "by_epsilon": true, "time": 0.6643891334533691, "iterations": 6, "accuracy": 0.0072496279723519574, "y_init": 0.5885115518644309, "batch_size": 1}, {"y_opt": 0.012955086471791999, "by_epsilon": true, "time": 0.6635572910308838, "iterations": 6, "accuracy": 0.0029958858249934384, "y_init": 0.24708426344130063, "batch_size": 1}, {"y_opt": 0.05633140670980685, "by_epsilon": true, "time": 0.9877848625183105, "iterations": 9, "accuracy": 0.008504038943851211, "y_init": 0.9153720987110165, "batch_size": 1}, {"y_opt": 0.03974278215310334, "by_epsilon": true, "time": 0.8767077922821045, "iterations": 8, "accuracy": 0.00914804092247945, "y_init": 0.6258706951136237, "batch_size": 1}, {"y_opt": 0.04033767363719876, "by_epsilon": true, "time": 0.5510101318359375, "iterations": 5, "accuracy": 0.00803489208947672, "y_init": 0.2696054737630488, "batch_size": 1}, {"y_opt": 0.011327535057302773, "by_epsilon": true, "time": 1.3223793506622314, "iterations": 12, "accuracy": 0.002266170221226993, "y_init": 0.9571884563986929, "batch_size": 1}, {"y_opt": 0.05675234080596747, "by_epsilon": true, "time": 0.8795938491821289, "iterations": 8, "accuracy": 0.008567176130973686, "y_init": 0.7554132986305315, "batch_size": 1}, {"y_opt": 0.019685264520860057, "by_epsilon": true, "time": 0.8816235065460205, "iterations": 8, "accuracy": 0.002777939019194986, "y_init": 0.5441895125027566, "batch_size": 1}, {"y_opt": 0.06482074817958472, "by_epsilon": true, "time": 0.8805763721466064, "iterations": 8, "accuracy": 0.009103821409044088, "y_init": 0.46319945667635565, "batch_size": 1}, {"y_opt": 0.055333983654140884, "by_epsilon": true, "time": 0.7703468799591064, "iterations": 7, "accuracy": 0.008354408342554409, "y_init": 0.7380758357785376, "batch_size": 1}, {"y_opt": 0.04375905516921841, "by_epsilon": true, "time": 0.22475099563598633, "iterations": 2, "accuracy": 0.008711940521504369, "y_init": 0.08373434289580628, "batch_size": 1}, {"y_opt": 0.024514798083006717, "by_epsilon": true, "time": 0.6634628772735596, "iterations": 6, "accuracy": 0.003714256457549747, "y_init": 0.2578663421631394, "batch_size": 1}, {"y_opt": 0.05186569436417465, "by_epsilon": true, "time": 0.6620776653289795, "iterations": 6, "accuracy": 0.009720798875634595, "y_init": 0.7445859547991879, "batch_size": 1}, {"y_opt": 0.024667999086651404, "by_epsilon": true, "time": 1.2097222805023193, "iterations": 11, "accuracy": 0.007868078249317567, "y_init": 0.9881694843844993, "batch_size": 1}, {"y_opt": 0.01832966026654448, "by_epsilon": true, "time": 1.10176682472229, "iterations": 10, "accuracy": 0.008961423877069108, "y_init": 0.6180368652684027, "batch_size": 1}, {"y_opt": 0.06396876561038012, "by_epsilon": true, "time": 0.4432072639465332, "iterations": 4, "accuracy": 0.009648652392655555, "y_init": 0.3986619959606137, "batch_size": 1}, {"y_opt": 0.012437448076661362, "by_epsilon": true, "time": 1.4310276508331299, "iterations": 13, "accuracy": 0.003978687252492952, "y_init": 0.81993300252753, "batch_size": 1}, {"y_opt": 0.04897226611280869, "by_epsilon": true, "time": 0.5514881610870361, "iterations": 5, "accuracy": 0.00688948050828142, "y_init": 0.621709369393151, "batch_size": 1}, {"y_opt": 0.019124262120025715, "by_epsilon": true, "time": 1.4239590167999268, "iterations": 13, "accuracy": 0.003821499262971151, "y_init": 0.8039757613043674, "batch_size": 1}, {"y_opt": 0.037514835094110244, "by_epsilon": true, "time": 0.116668701171875, "iterations": 1, "accuracy": 0.008638536942103703, "y_init": 0.037514835094110244, "batch_size": 1}, {"y_opt": 0.026244032348128, "by_epsilon": true, "time": 0.7720985412597656, "iterations": 7, "accuracy": 0.006055010957469631, "y_init": 0.2354873824423238, "batch_size": 1}, {"y_opt": 0.013962213297639248, "by_epsilon": true, "time": 0.8855490684509277, "iterations": 8, "accuracy": 0.002117966924247816, "y_init": 0.7074263550373419, "batch_size": 1}, {"y_opt": 0.01469973811841263, "by_epsilon": true, "time": 0.4426567554473877, "iterations": 4, "accuracy": 0.002769545947214791, "y_init": 0.09407326181075193, "batch_size": 1}, {"y_opt": 0.019705923728791208, "by_epsilon": true, "time": 1.1040523052215576, "iterations": 10, "accuracy": 0.009820013446025677, "y_init": 0.8102685452340808, "batch_size": 1}, {"y_opt": 0.03891295816240736, "by_epsilon": true, "time": 0.7734653949737549, "iterations": 7, "accuracy": 0.007752754217427604, "y_init": 0.2518404222696998, "batch_size": 1}, {"y_opt": 0.024702448983318193, "by_epsilon": true, "time": 0.8805923461914062, "iterations": 8, "accuracy": 0.0046475619971479976, "y_init": 0.7309356960923866, "batch_size": 1}, {"y_opt": 0.05623337501501546, "by_epsilon": true, "time": 0.11571311950683594, "iterations": 1, "accuracy": 0.008489334005518878, "y_init": 0.05623337501501546, "batch_size": 1}, {"y_opt": 0.011071730290671988, "by_epsilon": true, "time": 1.3273780345916748, "iterations": 12, "accuracy": 0.002561193492434999, "y_init": 0.6389311829938075, "batch_size": 1}, {"y_opt": 0.02826641651609718, "by_epsilon": true, "time": 0.9899773597717285, "iterations": 9, "accuracy": 0.0042808409607048015, "y_init": 0.6345547921542883, "batch_size": 1}, {"y_opt": 0.03726165800233294, "by_epsilon": true, "time": 0.9893884658813477, "iterations": 9, "accuracy": 0.005637371380023071, "y_init": 0.5683814064923294, "batch_size": 1}, {"y_opt": 0.01949568734504581, "by_epsilon": true, "time": 0.7704112529754639, "iterations": 7, "accuracy": 0.007818398530890058, "y_init": 0.5284256475633761, "batch_size": 1}, {"y_opt": 0.06455233269232141, "by_epsilon": true, "time": 0.7694411277770996, "iterations": 7, "accuracy": 0.009736030258672312, "y_init": 0.5023250128674744, "batch_size": 1}, {"y_opt": 0.04572748562981643, "by_epsilon": true, "time": 0.3350684642791748, "iterations": 3, "accuracy": 0.009101154112723941, "y_init": 0.1442650568108449, "batch_size": 1}, {"y_opt": 0.04360298365398729, "by_epsilon": true, "time": 0.5541708469390869, "iterations": 5, "accuracy": 0.008181697823123057, "y_init": 0.19685457413824758, "batch_size": 1}, {"y_opt": 0.030992674401938425, "by_epsilon": true, "time": 1.1013391017913818, "iterations": 10, "accuracy": 0.004368383550261812, "y_init": 0.9553850168306108, "batch_size": 1}, {"y_opt": 0.029213517975970382, "by_epsilon": true, "time": 0.8886978626251221, "iterations": 8, "accuracy": 0.005828760882870432, "y_init": 0.808068834662637, "batch_size": 1}, {"y_opt": 0.03791446133794463, "by_epsilon": true, "time": 0.443347692489624, "iterations": 4, "accuracy": 0.007554949115966214, "y_init": 0.2258628012213948, "batch_size": 1}, {"y_opt": 0.015361115429612715, "by_epsilon": true, "time": 0.9972612857818604, "iterations": 9, "accuracy": 0.007667342696886736, "y_init": 0.5523717802112011, "batch_size": 1}, {"y_opt": 0.02432532516180641, "by_epsilon": true, "time": 1.105560541152954, "iterations": 10, "accuracy": 0.009741067900115863, "y_init": 0.6145444617817386, "batch_size": 1}, {"y_opt": 0.012232476985210461, "by_epsilon": true, "time": 0.8824758529663086, "iterations": 8, "accuracy": 0.005993910674390812, "y_init": 0.5078319307640539, "batch_size": 1}, {"y_opt": 0.039516110991786535, "by_epsilon": true, "time": 0.8848576545715332, "iterations": 8, "accuracy": 0.007419106500732187, "y_init": 0.4984763762910498, "batch_size": 1}, {"y_opt": 0.05086088688512014, "by_epsilon": true, "time": 0.6656112670898438, "iterations": 6, "accuracy": 0.009533824082064268, "y_init": 0.7865043435336451, "batch_size": 1}, {"y_opt": 0.04810565825994728, "by_epsilon": true, "time": 0.6647005081176758, "iterations": 6, "accuracy": 0.007269022387479729, "y_init": 0.9685116049205551, "batch_size": 1}, {"y_opt": 0.062310190137840005, "by_epsilon": true, "time": 0.7739205360412598, "iterations": 7, "accuracy": 0.009400249691218554, "y_init": 0.5795372758335708, "batch_size": 1}, {"y_opt": 0.03406548460722658, "by_epsilon": true, "time": 0.9933006763458252, "iterations": 9, "accuracy": 0.007848937529651767, "y_init": 0.7435832146050152, "batch_size": 1}, {"y_opt": 0.05122820580527354, "by_epsilon": true, "time": 1.1088569164276123, "iterations": 10, "accuracy": 0.007205131934506448, "y_init": 0.6695907929042859, "batch_size": 1}, {"y_opt": 0.014493978476891267, "by_epsilon": true, "time": 1.0010690689086914, "iterations": 9, "accuracy": 0.002198498807403415, "y_init": 0.9613177224150447, "batch_size": 1}, {"y_opt": 0.035920776144578226, "by_epsilon": true, "time": 1.3242363929748535, "iterations": 12, "accuracy": 0.007159817329627449, "y_init": 0.9607061391469975, "batch_size": 1}, {"y_opt": 0.040319349682109595, "by_epsilon": true, "time": 0.989454984664917, "iterations": 9, "accuracy": 0.006097856341952257, "y_init": 0.5819103390198563, "batch_size": 1}, {"y_opt": 0.028843071173669133, "by_epsilon": true, "time": 0.8866031169891357, "iterations": 8, "accuracy": 0.006651665314725275, "y_init": 0.6655471383958136, "batch_size": 1}, {"y_opt": 0.014505450968045452, "by_epsilon": true, "time": 0.44589948654174805, "iterations": 4, "accuracy": 0.009320454976349923, "y_init": 0.1252849789006475, "batch_size": 1}, {"y_opt": 0.0506597237311347, "by_epsilon": true, "time": 0.7748303413391113, "iterations": 7, "accuracy": 0.009496385236858584, "y_init": 0.5704878903786516, "batch_size": 1}, {"y_opt": 0.038567049010528875, "by_epsilon": true, "time": 0.5544717311859131, "iterations": 5, "accuracy": 0.005431630700411638, "y_init": 0.18039266414796662, "batch_size": 1}, {"y_opt": 0.018454181605878195, "by_epsilon": true, "time": 1.103870153427124, "iterations": 10, "accuracy": 0.004263492150330395, "y_init": 0.9931141956449933, "batch_size": 1}, {"y_opt": 0.012229053997620865, "by_epsilon": true, "time": 0.6650128364562988, "iterations": 6, "accuracy": 0.0049149982440589435, "y_init": 0.33310998852981233, "batch_size": 1}, {"y_opt": 0.04081339360807923, "by_epsilon": true, "time": 0.5540223121643066, "iterations": 5, "accuracy": 0.007661268622033313, "y_init": 0.24929302574240797, "batch_size": 1}, {"y_opt": 0.007639385027203627, "by_epsilon": true, "time": 1.328693151473999, "iterations": 12, "accuracy": 0.0014407579575130836, "y_init": 0.8256474760160782, "batch_size": 1}, {"y_opt": 0.03735518840067398, "by_epsilon": true, "time": 0.33554816246032715, "iterations": 3, "accuracy": 0.005261631161198155, "y_init": 0.124370432003302, "batch_size": 1}, {"y_opt": 0.05208496027242204, "by_epsilon": true, "time": 0.7740652561187744, "iterations": 7, "accuracy": 0.009761592886144865, "y_init": 0.5429675536682916, "batch_size": 1}, {"y_opt": 0.042961376404998086, "by_epsilon": true, "time": 0.7757699489593506, "iterations": 7, "accuracy": 0.006495485070275309, "y_init": 0.7065653560091459, "batch_size": 1}, {"y_opt": 0.026692770591615456, "by_epsilon": true, "time": 0.8853707313537598, "iterations": 8, "accuracy": 0.004043241487215465, "y_init": 0.9758179202259397, "batch_size": 1}, {"y_opt": 0.005954296889793098, "by_epsilon": true, "time": 1.3383278846740723, "iterations": 12, "accuracy": 0.0011921694229217739, "y_init": 0.7578304969351902, "batch_size": 1}, {"y_opt": 0.06046121194788867, "by_epsilon": true, "time": 0.2261962890625, "iterations": 2, "accuracy": 0.008495448473458067, "y_init": 0.15202144256341765, "batch_size": 1}, {"y_opt": 0.02000840821531069, "by_epsilon": true, "time": 0.9982466697692871, "iterations": 9, "accuracy": 0.008022777257106761, "y_init": 0.8638199485166588, "batch_size": 1}]}, {"sample_id": 0, "A_matrix": [[6.233373684750798, 1.3848840106984834, 1.2091490637050215, -1.8902674957722723, -0.19070790414674343, 2.50427815297917, 0.22417603930304306, 4.6921862536856915, -0.8540816136862083, -0.9466500292011447], [1.3848840106984834, 3.9838377318195706, -1.4559214972869623, 0.4916869789077039, 0.8894814200672344, 3.6718584856029706, -0.8496771295996507, 0.5741091907098559, 2.608074865676355, -0.09108677474686645], [1.2091490637050215, -1.4559214972869623, 3.09083061440535, 1.0409131605705453, -0.9984697217240633, 1.5744482450210169, 1.9231624792270874, 3.0589749635516985, 1.1181862602039125, -0.9790560539676111], [-1.8902674957722723, 0.4916869789077039, 1.0409131605705453, 4.957867958102481, -1.7286227979559714, 1.8391914408628112, 1.8927628688605647, 1.734429986388898, -0.2066688987066396, 1.7931952334806054], [-0.19070790414674343, 0.8894814200672344, -0.9984697217240633, -1.7286227979559714, 9.980078918590607, 3.3947246164926304, -1.4664650862421211, -2.6207144864034477, 2.6029359801879997, -0.7440180637334424], [2.50427815297917, 3.6718584856029706, 1.5744482450210169, 1.8391914408628112, 3.3947246164926304, 10.59321465762281, 2.9043482955994095, -0.6177124400414059, 7.764585901816991, -2.6647996773126064], [0.22417603930304306, -0.8496771295996507, 1.9231624792270874, 1.8927628688605647, -1.4664650862421211, 2.9043482955994095, 8.629147423340772, 2.011749842955165, -0.8659573091018155, 0.46295829288621243], [4.6921862536856915, 0.5741091907098559, 3.0589749635516985, 1.734429986388898, -2.6207144864034477, -0.6177124400414059, 2.011749842955165, 14.143033039399718, -4.675841761435221, 2.373240377984209], [-0.8540816136862083, 2.608074865676355, 1.1181862602039125, -0.2066688987066396, 2.6029359801879997, 7.764585901816991, -0.8659573091018155, -4.675841761435221, 13.163596267688126, -5.238891190833114], [-0.9466500292011447, -0.09108677474686645, -0.9790560539676111, 1.7931952334806054, -0.7440180637334424, -2.6647996773126064, 0.46295829288621243, 2.373240377984209, -5.238891190833114, 4.063276820788949]], "init_point_exps": []}]}