{"10": [{"sample_id": 0, "A_matrix": [[16.556100831446177, -4.763522181500276, -0.9041145470215036, 2.0803027898289614, -1.8416765257132526, 0.12819852476868124, 1.3473153606728392, -6.6400611224848225, -6.371462440897795, 7.551997268345931], [-4.763522181500276, 5.830889100946682, 2.1740970008054985, 4.394441396650229, -1.5042822627965091, 0.9313549452756776, -0.38032179172707603, 1.9528218465634672, -2.003115171409431, -1.3766541348470034], [-0.9041145470215036, 2.1740970008054985, 12.89950086626395, 3.454491737658469, 3.289614753024765, 2.684235400864643, -0.3069591612746144, 0.1627842008751014, -1.0717405135475608, 2.0960722830928167], [2.0803027898289614, 4.394441396650229, 3.454491737658469, 12.330198663655802, 0.7694542514468518, -1.0906718959615336, -3.260504688780993, -0.5583157131632858, -1.336139320350059, -0.688715994426939], [-1.8416765257132526, -1.5042822627965091, 3.289614753024765, 0.7694542514468518, 9.194385163491058, -1.9807352497490913, -2.4956254749872433, 5.092011388507849, 2.9491500928694756, -1.4658467915851294], [0.12819852476868124, 0.9313549452756776, 2.684235400864643, -1.0906718959615336, -1.9807352497490913, 2.7681095721252706, 1.0653075631242417, -1.8404409335871845, -0.2235840456577972, 0.6144679575746035], [1.3473153606728392, -0.38032179172707603, -0.3069591612746144, -3.260504688780993, -2.4956254749872433, 1.0653075631242417, 3.0244318868982907, -1.8716469727715224, -1.841658772366852, 1.613560277382392], [-6.6400611224848225, 1.9528218465634672, 0.1627842008751014, -0.5583157131632858, 5.092011388507849, -1.8404409335871845, -1.8716469727715224, 9.971521352313085, -0.2721082276249711, -3.6250072939384648], [-6.371462440897795, -2.003115171409431, -1.0717405135475608, -1.336139320350059, 2.9491500928694756, -0.2235840456577972, -1.841658772366852, -0.2721082276249711, 18.03932475655522, -10.522291191868407], [7.551997268345931, -1.3766541348470034, 2.0960722830928167, -0.688715994426939, -1.4658467915851294, 0.6144679575746035, 1.613560277382392, -3.6250072939384648, -10.522291191868407, 10.431164244339547]], "init_point_exps": [{"y_opt": 0.015128104082337002, "by_epsilon": true, "time": 0.20310592651367188, "iterations": 4, "accuracy": 0.003027370866327983, "y_init": 0.17065101688808437, "batch_size": 1}, {"y_opt": 0.04028635891118837, "by_epsilon": true, "time": 0.2986443042755127, "iterations": 6, "accuracy": 0.004451586275389663, "y_init": 0.5122399788184218, "batch_size": 1}, {"y_opt": 0.07965081317295875, "by_epsilon": true, "time": 0.30173206329345703, "iterations": 6, "accuracy": 0.0095529355828744, "y_init": 0.6591999922469521, "batch_size": 1}, {"y_opt": 0.040811497360781046, "by_epsilon": true, "time": 0.1503911018371582, "iterations": 3, "accuracy": 0.006297705963979938, "y_init": 0.12427343797056645, "batch_size": 1}, {"y_opt": 0.04662945735567914, "by_epsilon": true, "time": 0.15207791328430176, "iterations": 3, "accuracy": 0.007520766890727337, "y_init": 0.17414665518013284, "batch_size": 1}, {"y_opt": 0.007313412373454731, "by_epsilon": true, "time": 0.7363991737365723, "iterations": 15, "accuracy": 0.0015889470844782094, "y_init": 0.5675087235509271, "batch_size": 1}, {"y_opt": 0.07924805604935525, "by_epsilon": true, "time": 0.4960651397705078, "iterations": 10, "accuracy": 0.009504975730342369, "y_init": 0.9198979052769829, "batch_size": 1}, {"y_opt": 0.001521735830203652, "by_epsilon": true, "time": 0.05179715156555176, "iterations": 1, "accuracy": 0.00030514652745283755, "y_init": 0.001521735830203652, "batch_size": 1}, {"y_opt": 0.03008667924153441, "by_epsilon": true, "time": 0.3447568416595459, "iterations": 7, "accuracy": 0.0036246293739471414, "y_init": 0.5062557504706473, "batch_size": 1}, {"y_opt": 0.05658726582981466, "by_epsilon": true, "time": 0.24852681159973145, "iterations": 5, "accuracy": 0.006244370492151319, "y_init": 0.4723512680119366, "batch_size": 1}, {"y_opt": 0.05871486500621015, "by_epsilon": true, "time": 0.4320199489593506, "iterations": 8, "accuracy": 0.009456153033013726, "y_init": 0.7555896803125008, "batch_size": 1}, {"y_opt": 0.06291479178767834, "by_epsilon": true, "time": 0.5969891548156738, "iterations": 12, "accuracy": 0.006938971351496237, "y_init": 0.9491872906466776, "batch_size": 1}, {"y_opt": 0.01608348002839044, "by_epsilon": true, "time": 0.248460054397583, "iterations": 5, "accuracy": 0.005493906153778982, "y_init": 0.2937797034914873, "batch_size": 1}, {"y_opt": 0.0866892646063383, "by_epsilon": true, "time": 0.24752593040466309, "iterations": 5, "accuracy": 0.009542303671310592, "y_init": 0.17630948968342663, "batch_size": 1}, {"y_opt": 0.055641353408886096, "by_epsilon": true, "time": 0.10194516181945801, "iterations": 2, "accuracy": 0.006687819602934297, "y_init": 0.06868082130260189, "batch_size": 1}, {"y_opt": 0.02117320546595225, "by_epsilon": true, "time": 0.49482274055480957, "iterations": 10, "accuracy": 0.004589821120084769, "y_init": 0.6646775974383119, "batch_size": 1}, {"y_opt": 0.019566966451011192, "by_epsilon": true, "time": 0.4432547092437744, "iterations": 9, "accuracy": 0.0030268667728365894, "y_init": 0.3143705839880977, "batch_size": 1}, {"y_opt": 0.023162612009477335, "by_epsilon": true, "time": 0.4911458492279053, "iterations": 10, "accuracy": 0.003746494008948331, "y_init": 0.8920957067836823, "batch_size": 1}, {"y_opt": 0.012730779569503081, "by_epsilon": true, "time": 0.49448704719543457, "iterations": 10, "accuracy": 0.009135108094740052, "y_init": 0.6777004363669061, "batch_size": 1}, {"y_opt": 0.012076379840706641, "by_epsilon": true, "time": 0.5425820350646973, "iterations": 11, "accuracy": 0.002621736769742533, "y_init": 0.3786501219236419, "batch_size": 1}, {"y_opt": 0.037482742038214445, "by_epsilon": true, "time": 0.40911102294921875, "iterations": 8, "accuracy": 0.0057862703068319865, "y_init": 0.35689657656740426, "batch_size": 1}, {"y_opt": 0.03892421113387767, "by_epsilon": true, "time": 0.39130091667175293, "iterations": 8, "accuracy": 0.008413487414336118, "y_init": 0.9895971871458565, "batch_size": 1}, {"y_opt": 0.02009459465900154, "by_epsilon": true, "time": 0.4885709285736084, "iterations": 10, "accuracy": 0.0038416954490984034, "y_init": 0.5837430684395265, "batch_size": 1}, {"y_opt": 0.04258530935123195, "by_epsilon": true, "time": 0.3866419792175293, "iterations": 8, "accuracy": 0.006871860568610666, "y_init": 0.14674639124543487, "batch_size": 1}, {"y_opt": 0.07411982654417326, "by_epsilon": true, "time": 0.6406378746032715, "iterations": 13, "accuracy": 0.008167212794338852, "y_init": 0.7594515983567639, "batch_size": 1}, {"y_opt": 0.01907314317487241, "by_epsilon": true, "time": 0.2982361316680908, "iterations": 6, "accuracy": 0.0023000867947536863, "y_init": 0.4168817808578903, "batch_size": 1}, {"y_opt": 0.0644852886210191, "by_epsilon": true, "time": 0.3975870609283447, "iterations": 8, "accuracy": 0.007111259013560467, "y_init": 0.5717950126600335, "batch_size": 1}, {"y_opt": 0.025212032254448347, "by_epsilon": true, "time": 0.05192923545837402, "iterations": 1, "accuracy": 0.008591982794530773, "y_init": 0.025212032254448347, "batch_size": 1}, {"y_opt": 0.0698908225289202, "by_epsilon": true, "time": 0.299440860748291, "iterations": 6, "accuracy": 0.00770391778488233, "y_init": 0.9310965519000428, "batch_size": 1}, {"y_opt": 0.026904480915554863, "by_epsilon": true, "time": 0.24853181838989258, "iterations": 5, "accuracy": 0.005826784114539074, "y_init": 0.9998673620345254, "batch_size": 1}, {"y_opt": 0.031392732970697224, "by_epsilon": true, "time": 0.39887094497680664, "iterations": 8, "accuracy": 0.005991964745317713, "y_init": 0.3072373207740129, "batch_size": 1}, {"y_opt": 0.03799468982272003, "by_epsilon": true, "time": 0.6074109077453613, "iterations": 12, "accuracy": 0.004199158127084157, "y_init": 0.5497558079138274, "batch_size": 1}, {"y_opt": 0.07043196220561576, "by_epsilon": true, "time": 0.4425199031829834, "iterations": 9, "accuracy": 0.00845429218597138, "y_init": 0.6686633384632445, "batch_size": 1}, {"y_opt": 0.02789873046708624, "by_epsilon": true, "time": 0.5911378860473633, "iterations": 12, "accuracy": 0.006041135137112019, "y_init": 0.9218563128393188, "batch_size": 1}, {"y_opt": 0.04987232912186612, "by_epsilon": true, "time": 0.3287029266357422, "iterations": 6, "accuracy": 0.005506444460889104, "y_init": 0.44408107639620653, "batch_size": 1}, {"y_opt": 0.048029269446499434, "by_epsilon": true, "time": 0.24991369247436523, "iterations": 5, "accuracy": 0.007745226463317434, "y_init": 0.4496403960834191, "batch_size": 1}, {"y_opt": 0.03065266760250085, "by_epsilon": true, "time": 0.34346818923950195, "iterations": 7, "accuracy": 0.006119809243705809, "y_init": 0.5045902896316081, "batch_size": 1}, {"y_opt": 0.0682295358413817, "by_epsilon": true, "time": 0.29897594451904297, "iterations": 6, "accuracy": 0.00819155064780186, "y_init": 0.6577503411620562, "batch_size": 1}, {"y_opt": 0.017886664290572507, "by_epsilon": true, "time": 0.4455561637878418, "iterations": 9, "accuracy": 0.0027674760775741047, "y_init": 0.27426837200553, "batch_size": 1}, {"y_opt": 0.04816606259882483, "by_epsilon": true, "time": 0.3953819274902344, "iterations": 8, "accuracy": 0.009171458203137361, "y_init": 0.6830600327438698, "batch_size": 1}, {"y_opt": 0.01734082348458077, "by_epsilon": true, "time": 0.5399019718170166, "iterations": 11, "accuracy": 0.00592148896988931, "y_init": 0.7326965931150445, "batch_size": 1}, {"y_opt": 0.0040707304428163615, "by_epsilon": true, "time": 0.1933000087738037, "iterations": 4, "accuracy": 0.0008159715913572674, "y_init": 0.05210506361302214, "batch_size": 1}, {"y_opt": 0.017306543341556235, "by_epsilon": true, "time": 0.14710593223571777, "iterations": 3, "accuracy": 0.0034621781354542414, "y_init": 0.07208933918392457, "batch_size": 1}, {"y_opt": 0.02224260868038297, "by_epsilon": true, "time": 0.5876209735870361, "iterations": 12, "accuracy": 0.002681533010670867, "y_init": 0.6202167423400482, "batch_size": 1}, {"y_opt": 0.0332325106249598, "by_epsilon": true, "time": 0.4546849727630615, "iterations": 9, "accuracy": 0.006632310465546354, "y_init": 0.5558983914532961, "batch_size": 1}, {"y_opt": 0.01313866227716598, "by_epsilon": true, "time": 0.05316805839538574, "iterations": 1, "accuracy": 0.0025143656491607436, "y_init": 0.01313866227716598, "batch_size": 1}, {"y_opt": 0.05924794074498363, "by_epsilon": true, "time": 0.14826011657714844, "iterations": 3, "accuracy": 0.009123179960595418, "y_init": 0.08802682747377077, "batch_size": 1}, {"y_opt": 0.028343388972723593, "by_epsilon": true, "time": 0.6276190280914307, "iterations": 13, "accuracy": 0.006136976971017005, "y_init": 0.5708891459152794, "batch_size": 1}, {"y_opt": 0.008146870156629404, "by_epsilon": true, "time": 0.5318279266357422, "iterations": 11, "accuracy": 0.0013201414227134167, "y_init": 0.9608903609110235, "batch_size": 1}, {"y_opt": 0.043952058625418955, "by_epsilon": true, "time": 0.5364241600036621, "iterations": 11, "accuracy": 0.008757572783358092, "y_init": 0.7042316109831942, "batch_size": 1}, {"y_opt": 0.03578729306515671, "by_epsilon": true, "time": 0.643212080001831, "iterations": 13, "accuracy": 0.003955921817947128, "y_init": 0.8167215134331282, "batch_size": 1}, {"y_opt": 0.018608063161708377, "by_epsilon": true, "time": 0.6404881477355957, "iterations": 13, "accuracy": 0.006352158219210646, "y_init": 0.4831855988211531, "batch_size": 1}, {"y_opt": 0.05760465958988259, "by_epsilon": true, "time": 0.15035104751586914, "iterations": 3, "accuracy": 0.009278598321551534, "y_init": 0.20880770843276464, "batch_size": 1}, {"y_opt": 0.06222564492361582, "by_epsilon": true, "time": 0.34403300285339355, "iterations": 7, "accuracy": 0.009578396961304914, "y_init": 0.8697237762438866, "batch_size": 1}, {"y_opt": 0.029965825793635048, "by_epsilon": true, "time": 0.3946559429168701, "iterations": 8, "accuracy": 0.0059832971639312005, "y_init": 0.34135738383817704, "batch_size": 1}, {"y_opt": 0.03736733015757754, "by_epsilon": true, "time": 0.3448798656463623, "iterations": 7, "accuracy": 0.005768531146722933, "y_init": 0.5646972172884268, "batch_size": 1}, {"y_opt": 0.04126210378823103, "by_epsilon": true, "time": 0.4993748664855957, "iterations": 10, "accuracy": 0.0066594066021979925, "y_init": 0.77951774145959, "batch_size": 1}, {"y_opt": 0.012647941762260806, "by_epsilon": true, "time": 0.2472851276397705, "iterations": 5, "accuracy": 0.0020483867096783293, "y_init": 0.29669347007186564, "batch_size": 1}, {"y_opt": 0.013558560586575452, "by_epsilon": true, "time": 0.14861202239990234, "iterations": 3, "accuracy": 0.00890608767335277, "y_init": 0.04923388070812318, "batch_size": 1}, {"y_opt": 0.0687955603848418, "by_epsilon": true, "time": 0.5650897026062012, "iterations": 11, "accuracy": 0.00758387692104856, "y_init": 0.5402102370882829, "batch_size": 1}, {"y_opt": 0.006567757023738796, "by_epsilon": true, "time": 0.05432915687561035, "iterations": 1, "accuracy": 0.0014271158664269645, "y_init": 0.006567757023738796, "batch_size": 1}, {"y_opt": 0.013863498405308983, "by_epsilon": true, "time": 0.35088396072387695, "iterations": 7, "accuracy": 0.009105019515875612, "y_init": 0.246386806062723, "batch_size": 1}, {"y_opt": 0.010122968528331944, "by_epsilon": true, "time": 0.35131025314331055, "iterations": 7, "accuracy": 0.001938086970488584, "y_init": 0.3777158299828104, "batch_size": 1}, {"y_opt": 0.0445649355382326, "by_epsilon": true, "time": 0.552699089050293, "iterations": 11, "accuracy": 0.008490128493997884, "y_init": 0.6468916896032086, "batch_size": 1}, {"y_opt": 0.025468772097131054, "by_epsilon": true, "time": 0.49486303329467773, "iterations": 10, "accuracy": 0.00486538170743489, "y_init": 0.7835160778323825, "batch_size": 1}, {"y_opt": 0.0688925791623134, "by_epsilon": true, "time": 0.20011496543884277, "iterations": 4, "accuracy": 0.007594511070096788, "y_init": 0.10360862200822296, "batch_size": 1}, {"y_opt": 0.0540515661914176, "by_epsilon": true, "time": 0.6913652420043945, "iterations": 14, "accuracy": 0.005965810833746588, "y_init": 0.7825309759962709, "batch_size": 1}, {"y_opt": 0.07495917553397768, "by_epsilon": true, "time": 0.15225601196289062, "iterations": 3, "accuracy": 0.008259126398406758, "y_init": 0.10614007677258586, "batch_size": 1}, {"y_opt": 0.0599957584642562, "by_epsilon": true, "time": 0.5982236862182617, "iterations": 12, "accuracy": 0.00661862650895062, "y_init": 0.8473587790999965, "batch_size": 1}, {"y_opt": 0.03683905358031603, "by_epsilon": true, "time": 0.3450500965118408, "iterations": 7, "accuracy": 0.007965475845035375, "y_init": 0.8921224640106291, "batch_size": 1}, {"y_opt": 0.02400352979225484, "by_epsilon": true, "time": 0.19958209991455078, "iterations": 4, "accuracy": 0.0038821140617728567, "y_init": 0.24235875721668676, "batch_size": 1}, {"y_opt": 0.029349762329267892, "by_epsilon": true, "time": 0.44875407218933105, "iterations": 9, "accuracy": 0.00560366116178157, "y_init": 0.8360233362756863, "batch_size": 1}, {"y_opt": 0.05302055237674208, "by_epsilon": true, "time": 0.2511618137359619, "iterations": 5, "accuracy": 0.005852515164742722, "y_init": 0.6720500847584047, "batch_size": 1}, {"y_opt": 0.059563409146041635, "by_epsilon": true, "time": 0.40079784393310547, "iterations": 8, "accuracy": 0.007156698352900892, "y_init": 0.4957278724753883, "batch_size": 1}, {"y_opt": 0.045807876541020476, "by_epsilon": true, "time": 0.49868011474609375, "iterations": 10, "accuracy": 0.009124815391337804, "y_init": 0.9239530914459495, "batch_size": 1}, {"y_opt": 0.03263800497290459, "by_epsilon": true, "time": 0.34748411178588867, "iterations": 7, "accuracy": 0.005273049143439623, "y_init": 0.21793592596460976, "batch_size": 1}, {"y_opt": 0.04741435759576418, "by_epsilon": true, "time": 0.5163168907165527, "iterations": 10, "accuracy": 0.009442552651625968, "y_init": 0.9871233652638675, "batch_size": 1}, {"y_opt": 0.007397290042427285, "by_epsilon": true, "time": 0.14834880828857422, "iterations": 3, "accuracy": 0.0011459252502118433, "y_init": 0.038968807945947925, "batch_size": 1}, {"y_opt": 0.026737366097444037, "by_epsilon": true, "time": 0.2985420227050781, "iterations": 6, "accuracy": 0.005341253169575344, "y_init": 0.5796256053139679, "batch_size": 1}, {"y_opt": 0.045933801423597265, "by_epsilon": true, "time": 0.44029903411865234, "iterations": 9, "accuracy": 0.00991732703103887, "y_init": 0.9494607510508664, "batch_size": 1}, {"y_opt": 0.01868887610838088, "by_epsilon": true, "time": 0.38862109184265137, "iterations": 8, "accuracy": 0.006379612868311235, "y_init": 0.159264175397545, "batch_size": 1}, {"y_opt": 0.0189870561581984, "by_epsilon": true, "time": 0.29624080657958984, "iterations": 6, "accuracy": 0.0030726657041948435, "y_init": 0.3246587151485143, "batch_size": 1}, {"y_opt": 0.004917833625529888, "by_epsilon": true, "time": 0.3897249698638916, "iterations": 8, "accuracy": 0.0010688894844642638, "y_init": 0.18396759599912293, "batch_size": 1}, {"y_opt": 0.038872685574233956, "by_epsilon": true, "time": 0.5375220775604248, "iterations": 11, "accuracy": 0.008402420422947032, "y_init": 0.9984432088805362, "batch_size": 1}, {"y_opt": 0.057942445195508396, "by_epsilon": true, "time": 0.15024900436401367, "iterations": 3, "accuracy": 0.008923503154985912, "y_init": 0.17890011684710927, "batch_size": 1}, {"y_opt": 0.028749883644972662, "by_epsilon": true, "time": 0.3463709354400635, "iterations": 7, "accuracy": 0.0034640003865984426, "y_init": 0.46907187231775893, "batch_size": 1}, {"y_opt": 0.03034881977155679, "by_epsilon": true, "time": 0.15015602111816406, "iterations": 3, "accuracy": 0.003656123552539303, "y_init": 0.2315922773790795, "batch_size": 1}, {"y_opt": 0.0577714434111396, "by_epsilon": true, "time": 0.20052695274353027, "iterations": 4, "accuracy": 0.006942511425737985, "y_init": 0.2594079400641923, "batch_size": 1}, {"y_opt": 0.06492150997781099, "by_epsilon": true, "time": 0.49124693870544434, "iterations": 10, "accuracy": 0.007159105695422774, "y_init": 0.8951468423901253, "batch_size": 1}, {"y_opt": 0.02391230118320542, "by_epsilon": true, "time": 0.7421839237213135, "iterations": 15, "accuracy": 0.0036971933508030963, "y_init": 0.8805259934865812, "batch_size": 1}, {"y_opt": 0.05476863117645092, "by_epsilon": true, "time": 0.34928226470947266, "iterations": 7, "accuracy": 0.006583441153836911, "y_init": 0.24295370637104363, "batch_size": 1}, {"y_opt": 0.010657636740209586, "by_epsilon": true, "time": 0.5393168926239014, "iterations": 11, "accuracy": 0.0020402948652950004, "y_init": 0.8224021761621295, "batch_size": 1}, {"y_opt": 0.031574746408563614, "by_epsilon": true, "time": 0.14940190315246582, "iterations": 3, "accuracy": 0.006303031240653678, "y_init": 0.1274099662602025, "batch_size": 1}, {"y_opt": 0.05764781181685119, "by_epsilon": true, "time": 0.39458298683166504, "iterations": 8, "accuracy": 0.006927731650266833, "y_init": 0.8065622283137049, "batch_size": 1}, {"y_opt": 0.007752767599175647, "by_epsilon": true, "time": 0.38881421089172363, "iterations": 8, "accuracy": 0.0026539118397225225, "y_init": 0.6885359380529357, "batch_size": 1}, {"y_opt": 0.06253416309501592, "by_epsilon": true, "time": 0.6946408748626709, "iterations": 14, "accuracy": 0.007511628770922596, "y_init": 0.9039458049636485, "batch_size": 1}, {"y_opt": 0.02893525444390732, "by_epsilon": true, "time": 0.38262200355529785, "iterations": 7, "accuracy": 0.00467692687334087, "y_init": 0.7991762447083848, "batch_size": 1}, {"y_opt": 0.018904853435064872, "by_epsilon": true, "time": 0.44741201400756836, "iterations": 9, "accuracy": 0.0030593934185941807, "y_init": 0.2687137850434871, "batch_size": 1}, {"y_opt": 0.07634291350923472, "by_epsilon": true, "time": 0.49047303199768066, "iterations": 10, "accuracy": 0.009158931507387003, "y_init": 0.4801666486622753, "batch_size": 1}, {"y_opt": 0.06714635724987272, "by_epsilon": true, "time": 0.2025318145751953, "iterations": 4, "accuracy": 0.00806229302825856, "y_init": 0.5151623853638875, "batch_size": 1}, {"y_opt": 0.03742534003441833, "by_epsilon": true, "time": 0.4781041145324707, "iterations": 10, "accuracy": 0.005393789081096778, "y_init": 0.9530499209234635, "batch_size": 1}, {"y_opt": 0.03076489476105526, "by_epsilon": true, "time": 0.470958948135376, "iterations": 10, "accuracy": 0.006104755056169364, "y_init": 0.3834479986611886, "batch_size": 1}, {"y_opt": 0.027904147223973275, "by_epsilon": true, "time": 0.4724552631378174, "iterations": 10, "accuracy": 0.00402572864551809, "y_init": 0.9228478087010655, "batch_size": 1}, {"y_opt": 0.049448841895589846, "by_epsilon": true, "time": 0.37482213973999023, "iterations": 8, "accuracy": 0.007117372302378189, "y_init": 0.48548446185280225, "batch_size": 1}, {"y_opt": 0.03496426320162449, "by_epsilon": true, "time": 0.18901515007019043, "iterations": 4, "accuracy": 0.009436528671047939, "y_init": 0.07928975128774285, "batch_size": 1}, {"y_opt": 0.045491611890065786, "by_epsilon": true, "time": 0.3760659694671631, "iterations": 8, "accuracy": 0.008418544432032604, "y_init": 0.46462551088088067, "batch_size": 1}, {"y_opt": 0.053308205473289294, "by_epsilon": true, "time": 0.33365917205810547, "iterations": 7, "accuracy": 0.009854353147416006, "y_init": 0.5379203326350142, "batch_size": 1}, {"y_opt": 0.026897019235228248, "by_epsilon": true, "time": 0.4285609722137451, "iterations": 9, "accuracy": 0.005340319845098973, "y_init": 0.5827562498753671, "batch_size": 1}, {"y_opt": 0.0304867990804345, "by_epsilon": true, "time": 0.5101120471954346, "iterations": 10, "accuracy": 0.004397097951959084, "y_init": 0.5765042111758049, "batch_size": 1}, {"y_opt": 0.05390036420209521, "by_epsilon": true, "time": 0.5727338790893555, "iterations": 12, "accuracy": 0.007754367009034313, "y_init": 0.9500256745806057, "batch_size": 1}, {"y_opt": 0.02887526151807851, "by_epsilon": true, "time": 0.5208239555358887, "iterations": 11, "accuracy": 0.006206887763473112, "y_init": 0.9536678926411212, "batch_size": 1}, {"y_opt": 0.01767328766214782, "by_epsilon": true, "time": 0.1939537525177002, "iterations": 4, "accuracy": 0.0025525507517002444, "y_init": 0.08283625614640311, "batch_size": 1}, {"y_opt": 0.02822044278810598, "by_epsilon": true, "time": 0.42833709716796875, "iterations": 9, "accuracy": 0.005601976494519989, "y_init": 0.47362684641482333, "batch_size": 1}, {"y_opt": 0.038218370581857286, "by_epsilon": true, "time": 0.4292590618133545, "iterations": 9, "accuracy": 0.007079735765473383, "y_init": 0.37784583589373166, "batch_size": 1}, {"y_opt": 0.012452048260769732, "by_epsilon": true, "time": 0.5696229934692383, "iterations": 12, "accuracy": 0.005358387599675107, "y_init": 0.6889231943781634, "batch_size": 1}, {"y_opt": 0.03551535646866377, "by_epsilon": true, "time": 0.5602009296417236, "iterations": 12, "accuracy": 0.006581492200326999, "y_init": 0.7853482700168554, "batch_size": 1}, {"y_opt": 0.04898684856222835, "by_epsilon": true, "time": 0.4338998794555664, "iterations": 9, "accuracy": 0.009694258646686271, "y_init": 0.891636367355798, "batch_size": 1}, {"y_opt": 0.04079508227426254, "by_epsilon": true, "time": 0.2416529655456543, "iterations": 5, "accuracy": 0.009550612002212633, "y_init": 0.17980322175275565, "batch_size": 1}, {"y_opt": 0.028830514967952192, "by_epsilon": true, "time": 0.33760809898376465, "iterations": 7, "accuracy": 0.005722560287466538, "y_init": 0.22636503535897523, "batch_size": 1}, {"y_opt": 0.030101640372574123, "by_epsilon": true, "time": 0.2886991500854492, "iterations": 6, "accuracy": 0.005973734080800153, "y_init": 0.15000783480798663, "batch_size": 1}, {"y_opt": 0.06034050739080188, "by_epsilon": true, "time": 0.28995800018310547, "iterations": 6, "accuracy": 0.008674840872442635, "y_init": 0.20483944473083604, "batch_size": 1}, {"y_opt": 0.03361267574145932, "by_epsilon": true, "time": 0.46582603454589844, "iterations": 9, "accuracy": 0.004846301843222767, "y_init": 0.609434220792667, "batch_size": 1}, {"y_opt": 0.0235852372741715, "by_epsilon": true, "time": 0.09984779357910156, "iterations": 2, "accuracy": 0.006380150616153268, "y_init": 0.034696290413263275, "batch_size": 1}, {"y_opt": 0.024116934236927512, "by_epsilon": true, "time": 0.625108003616333, "iterations": 13, "accuracy": 0.005662663697711734, "y_init": 0.7250549279056565, "batch_size": 1}, {"y_opt": 0.02588833843588123, "by_epsilon": true, "time": 0.570904016494751, "iterations": 12, "accuracy": 0.00373572345148665, "y_init": 0.4150923913612784, "batch_size": 1}]}, {"sample_id": 0, "A_matrix": [[3.9602082876569082, -0.9284970754397655, -0.16646442025466662, -0.46194292572259466, -1.3227939023384239, -0.3270052444013335, -1.4909169052551159, 0.6866543853950332, 1.218606077308365, -0.5184828935616471], [-0.9284970754397655, 5.361964677659147, 3.215117873632939, -6.180547876138495, 0.3042905890815917, 4.051286763421838, 0.8449156627742062, -1.0239042832432477, -0.9643339592281337, 2.4613148673216036], [-0.16646442025466662, 3.215117873632939, 10.0328230994974, -5.319272133645614, 0.9262630008908803, 5.820437942480795, 6.215716739401388, -1.1371749646845128, 0.24342901510313522, 2.3248547257179712], [-0.46194292572259466, -6.180547876138495, -5.319272133645614, 13.821034877764195, 3.989620316206891, -5.303677282569602, 1.2630779692195924, 6.002109130003156, 0.33743526685218955, -5.271334474939633], [-1.3227939023384239, 0.3042905890815917, 0.9262630008908803, 3.989620316206891, 6.193271965214519, 1.463857107752693, 2.8139757581505496, 5.478630103097331, -0.2211030866196297, -0.02832774590564573], [-0.3270052444013335, 4.051286763421838, 5.820437942480795, -5.303677282569602, 1.463857107752693, 10.739191324717948, 3.2104739245176126, -0.2128686797649918, -2.1138395137412287, 0.48520507236781024], [-1.4909169052551159, 0.8449156627742062, 6.215716739401388, 1.2630779692195924, 2.8139757581505496, 3.2104739245176126, 7.35792004461349, 1.4632560598279691, -1.8855828027024, -0.9370172686148004], [0.6866543853950332, -1.0239042832432477, -1.1371749646845128, 6.002109130003156, 5.478630103097331, -0.2128686797649918, 1.4632560598279691, 9.260928742105843, 1.5148686898768597, 1.1483756937727951], [1.218606077308365, -0.9643339592281337, 0.24342901510313522, 0.33743526685218955, -0.2211030866196297, -2.1138395137412287, -1.8855828027024, 1.5148686898768597, 4.628998350273161, 3.554870908714954], [-0.5184828935616471, 2.4613148673216036, 2.3248547257179712, -5.271334474939633, -0.02832774590564573, 0.48520507236781024, -0.9370172686148004, 1.1483756937727951, 3.554870908714954, 8.481683703133136]], "init_point_exps": []}], "10": [{"sample_id": 0, "A_matrix": [[9.284810076755242, 1.9449231891682146, 5.116644529161262, 3.2734561998328484, -1.7971519980763482, -5.76101072602585, -4.843029524811641, 1.0863654601010022, 1.4233334676358953, -5.6308103334757735], [1.9449231891682146, 6.5660475347783684, 0.4334387374188218, 1.1280860228758773, 1.6088494850373805, -2.58894472243948, -0.17017212742256144, -2.1416057880855437, 3.6325549272534574, -2.2171214435059245], [5.116644529161262, 0.4334387374188218, 11.28504220824895, -1.2316078050246249, 1.4234569051166968, -0.9612665750638953, -0.298358820470056, 4.591542972736184, 4.465358957433492, -8.867505726219742], [3.2734561998328484, 1.1280860228758773, -1.2316078050246249, 9.901870217817144, -2.268112420767266, -4.430960821733052, -3.9685283030039087, -5.464576683248303, -3.3264299718911436, 1.3475952045214445], [-1.7971519980763482, 1.6088494850373805, 1.4234569051166968, -2.268112420767266, 10.081580915477728, -7.370747861170276, -1.1375191682028365, 3.810307224140474, 1.6452568588179353, -1.0721360791205592], [-5.76101072602585, -2.58894472243948, -0.9612665750638953, -4.430960821733052, -7.370747861170276, 15.814543657626874, 5.889185920952962, -3.1568430897952835, 0.9177784947304275, 1.8294571155991604], [-4.843029524811641, -0.17017212742256144, -0.298358820470056, -3.9685283030039087, -1.1375191682028365, 5.889185920952962, 7.93176351540779, 2.6073920620417783, 2.167290016132594, 0.8115281736098192], [1.0863654601010022, -2.1416057880855437, 4.591542972736184, -5.464576683248303, 3.810307224140474, -3.1568430897952835, 2.6073920620417783, 13.718878013506894, 3.9539454852434837, -1.038594444348138], [1.4233334676358953, 3.6325549272534574, 4.465358957433492, -3.3264299718911436, 1.6452568588179353, 0.9177784947304275, 2.167290016132594, 3.9539454852434837, 8.50150845686063, -3.3450814222083896], [-5.6308103334757735, -2.2171214435059245, -8.867505726219742, 1.3475952045214445, -1.0721360791205592, 1.8294571155991604, 0.8115281736098192, -1.038594444348138, -3.3450814222083896, 9.632067068427773]], "init_point_exps": [{"y_opt": 0.05935582241903481, "by_epsilon": true, "time": 0.5605549812316895, "iterations": 11, "accuracy": 0.008597324218080571, "y_init": 0.4874485541668374, "batch_size": 1}, {"y_opt": 0.03782711388997184, "by_epsilon": true, "time": 0.05083489418029785, "iterations": 1, "accuracy": 0.008098646406360821, "y_init": 0.03782711388997184, "batch_size": 1}, {"y_opt": 0.04357260471510083, "by_epsilon": true, "time": 0.3853268623352051, "iterations": 8, "accuracy": 0.00548775690513903, "y_init": 0.2969565485665171, "batch_size": 1}, {"y_opt": 0.03156675548362875, "by_epsilon": true, "time": 0.6662638187408447, "iterations": 14, "accuracy": 0.003980196133266389, "y_init": 0.7441060275477753, "batch_size": 1}, {"y_opt": 0.03617446601365559, "by_epsilon": true, "time": 0.2825307846069336, "iterations": 6, "accuracy": 0.007469153747920898, "y_init": 0.11185821255317918, "batch_size": 1}, {"y_opt": 0.03130583469634318, "by_epsilon": true, "time": 0.7620100975036621, "iterations": 16, "accuracy": 0.0039473945581739445, "y_init": 0.8871778599395458, "batch_size": 1}, {"y_opt": 0.04069950754815532, "by_epsilon": true, "time": 0.4247720241546631, "iterations": 9, "accuracy": 0.008709592616811368, "y_init": 0.20418515988942976, "batch_size": 1}, {"y_opt": 0.06512348396726875, "by_epsilon": true, "time": 0.661484956741333, "iterations": 14, "accuracy": 0.008185303343815842, "y_init": 0.8659613529833812, "batch_size": 1}, {"y_opt": 0.07330279843049092, "by_epsilon": true, "time": 0.33168530464172363, "iterations": 7, "accuracy": 0.009206244240866024, "y_init": 0.3054327300038747, "batch_size": 1}, {"y_opt": 0.04110297121979034, "by_epsilon": true, "time": 0.712897777557373, "iterations": 15, "accuracy": 0.008480290171186122, "y_init": 0.9662339012297912, "batch_size": 1}, {"y_opt": 0.06109836050429718, "by_epsilon": true, "time": 0.17328882217407227, "iterations": 3, "accuracy": 0.008848042745448703, "y_init": 0.08473348803138914, "batch_size": 1}, {"y_opt": 0.06700416976711687, "by_epsilon": true, "time": 0.5255370140075684, "iterations": 11, "accuracy": 0.00842018994213034, "y_init": 0.714865190733929, "batch_size": 1}, {"y_opt": 0.03121256701257369, "by_epsilon": true, "time": 0.050917863845825195, "iterations": 1, "accuracy": 0.005508805215087009, "y_init": 0.03121256701257369, "batch_size": 1}, {"y_opt": 0.03001285771509643, "by_epsilon": true, "time": 0.5231118202209473, "iterations": 11, "accuracy": 0.004361093563340135, "y_init": 0.3031337144475633, "batch_size": 1}, {"y_opt": 0.05830568859878826, "by_epsilon": true, "time": 0.42789220809936523, "iterations": 9, "accuracy": 0.008446183726706469, "y_init": 0.4091216566671252, "batch_size": 1}, {"y_opt": 0.04361316378682545, "by_epsilon": true, "time": 0.0507349967956543, "iterations": 1, "accuracy": 0.00859622719023645, "y_init": 0.04361316378682545, "batch_size": 1}, {"y_opt": 0.05158715292356486, "by_epsilon": true, "time": 0.14446687698364258, "iterations": 3, "accuracy": 0.007478400179291134, "y_init": 0.0863810344507141, "batch_size": 1}, {"y_opt": 0.04391650931348767, "by_epsilon": true, "time": 0.6655111312866211, "iterations": 14, "accuracy": 0.008655628399311555, "y_init": 0.7092057916302299, "batch_size": 1}, {"y_opt": 0.04318484452723281, "by_epsilon": true, "time": 0.4749329090118408, "iterations": 10, "accuracy": 0.009237758104943095, "y_init": 0.268689873343269, "batch_size": 1}, {"y_opt": 0.06192299174776239, "by_epsilon": true, "time": 0.19423604011535645, "iterations": 4, "accuracy": 0.007785388773582147, "y_init": 0.14172107629788733, "batch_size": 1}, {"y_opt": 0.037823379548921454, "by_epsilon": true, "time": 0.5657379627227783, "iterations": 12, "accuracy": 0.007596092331363491, "y_init": 0.3888534520109783, "batch_size": 1}, {"y_opt": 0.07020454044939328, "by_epsilon": true, "time": 0.4763510227203369, "iterations": 10, "accuracy": 0.008819705657693078, "y_init": 0.43824543443945085, "batch_size": 1}, {"y_opt": 0.006259158157120415, "by_epsilon": true, "time": 0.05069231986999512, "iterations": 1, "accuracy": 0.0013468955360713686, "y_init": 0.006259158157120415, "batch_size": 1}, {"y_opt": 0.03841141251750413, "by_epsilon": true, "time": 0.33237314224243164, "iterations": 7, "accuracy": 0.008222970051168899, "y_init": 0.17653330688668578, "batch_size": 1}, {"y_opt": 0.03764350547554807, "by_epsilon": true, "time": 0.7539839744567871, "iterations": 16, "accuracy": 0.007560173200208964, "y_init": 0.8643580051980262, "batch_size": 1}, {"y_opt": 0.04011424893717319, "by_epsilon": true, "time": 0.608104944229126, "iterations": 13, "accuracy": 0.005822486380153924, "y_init": 0.5785461124234846, "batch_size": 1}, {"y_opt": 0.047624896896816926, "by_epsilon": true, "time": 0.5750529766082764, "iterations": 12, "accuracy": 0.009381374576516777, "y_init": 0.7468337926148223, "batch_size": 1}, {"y_opt": 0.0472410358820724, "by_epsilon": true, "time": 0.6432838439941406, "iterations": 13, "accuracy": 0.006851601013644237, "y_init": 0.8106458867925594, "batch_size": 1}, {"y_opt": 0.038182150909285895, "by_epsilon": true, "time": 0.4751901626586914, "iterations": 10, "accuracy": 0.008174191893463023, "y_init": 0.3188677583322692, "batch_size": 1}, {"y_opt": 0.04288710837547238, "by_epsilon": true, "time": 0.1426548957824707, "iterations": 3, "accuracy": 0.00917450767147232, "y_init": 0.07035576284628997, "batch_size": 1}, {"y_opt": 0.031469924733254606, "by_epsilon": true, "time": 0.47888994216918945, "iterations": 10, "accuracy": 0.0063261851852666195, "y_init": 0.44447990614905564, "batch_size": 1}, {"y_opt": 0.0488750632389755, "by_epsilon": true, "time": 0.5335397720336914, "iterations": 11, "accuracy": 0.009799272731478736, "y_init": 0.6314976398422913, "batch_size": 1}, {"y_opt": 0.0365862945704617, "by_epsilon": true, "time": 0.5201411247253418, "iterations": 11, "accuracy": 0.0046109106315372905, "y_init": 0.4472984037665543, "batch_size": 1}, {"y_opt": 0.047093584926036436, "by_epsilon": true, "time": 0.6621029376983643, "iterations": 14, "accuracy": 0.009277443634966742, "y_init": 0.8466013466938055, "batch_size": 1}, {"y_opt": 0.06781186937201067, "by_epsilon": true, "time": 0.14490795135498047, "iterations": 3, "accuracy": 0.009813102144422658, "y_init": 0.1071769185351904, "batch_size": 1}, {"y_opt": 0.03184135420350365, "by_epsilon": true, "time": 0.5757322311401367, "iterations": 12, "accuracy": 0.006286937951116012, "y_init": 0.47671819628767687, "batch_size": 1}, {"y_opt": 0.03284370576253626, "by_epsilon": true, "time": 0.6212830543518066, "iterations": 13, "accuracy": 0.004770964037983716, "y_init": 0.5015608189216562, "batch_size": 1}, {"y_opt": 0.046970241687771086, "by_epsilon": true, "time": 0.6197168827056885, "iterations": 13, "accuracy": 0.006812527291379267, "y_init": 0.6572651815654466, "batch_size": 1}, {"y_opt": 0.057954924954206954, "by_epsilon": true, "time": 0.5273010730743408, "iterations": 11, "accuracy": 0.007289226689212391, "y_init": 0.607971327209802, "batch_size": 1}, {"y_opt": 0.05158735008282467, "by_epsilon": true, "time": 0.6707127094268799, "iterations": 14, "accuracy": 0.009080295983987963, "y_init": 0.849721212894129, "batch_size": 1}, {"y_opt": 0.02726495154200992, "by_epsilon": true, "time": 0.8080508708953857, "iterations": 17, "accuracy": 0.005847254612414532, "y_init": 0.9327488306174276, "batch_size": 1}, {"y_opt": 0.04164988381983181, "by_epsilon": true, "time": 0.609483003616333, "iterations": 13, "accuracy": 0.008359746868172868, "y_init": 0.5493427140399113, "batch_size": 1}, {"y_opt": 0.05725409061216713, "by_epsilon": true, "time": 0.46869802474975586, "iterations": 10, "accuracy": 0.008294797867934856, "y_init": 0.45315657724169, "batch_size": 1}, {"y_opt": 0.048344846290338084, "by_epsilon": true, "time": 0.6105389595031738, "iterations": 13, "accuracy": 0.006086051315851715, "y_init": 0.7498230241625361, "batch_size": 1}, {"y_opt": 0.03490329152176053, "by_epsilon": true, "time": 0.6207668781280518, "iterations": 13, "accuracy": 0.007208107566843203, "y_init": 0.6218115200474481, "batch_size": 1}, {"y_opt": 0.060317069946654533, "by_epsilon": true, "time": 0.1453859806060791, "iterations": 3, "accuracy": 0.00758463114816621, "y_init": 0.0937439737943313, "batch_size": 1}, {"y_opt": 0.030321506612369542, "by_epsilon": true, "time": 0.3300471305847168, "iterations": 7, "accuracy": 0.007601971289505127, "y_init": 0.12535018695783517, "batch_size": 1}, {"y_opt": 0.06433843260509331, "by_epsilon": true, "time": 0.6638190746307373, "iterations": 14, "accuracy": 0.008087230353309494, "y_init": 0.7052674957188245, "batch_size": 1}, {"y_opt": 0.04059981204924901, "by_epsilon": true, "time": 0.3329629898071289, "iterations": 7, "accuracy": 0.008150272075441056, "y_init": 0.17987895266780163, "batch_size": 1}, {"y_opt": 0.04022656359515797, "by_epsilon": true, "time": 0.6339659690856934, "iterations": 13, "accuracy": 0.007091244090026261, "y_init": 0.6278417297297769, "batch_size": 1}, {"y_opt": 0.03317027092302682, "by_epsilon": true, "time": 0.5391108989715576, "iterations": 11, "accuracy": 0.006852051530408021, "y_init": 0.3165287402825129, "batch_size": 1}, {"y_opt": 0.0701594294692921, "by_epsilon": true, "time": 0.6705589294433594, "iterations": 14, "accuracy": 0.008814075942390032, "y_init": 0.8273217242111872, "batch_size": 1}, {"y_opt": 0.047986358392946515, "by_epsilon": true, "time": 0.3802947998046875, "iterations": 8, "accuracy": 0.008450480132230265, "y_init": 0.2211853039373871, "batch_size": 1}, {"y_opt": 0.045435812267309306, "by_epsilon": true, "time": 0.3791189193725586, "iterations": 8, "accuracy": 0.005721410912415403, "y_init": 0.20325704827578617, "batch_size": 1}]}]}